  -0.05    0.94   -0.94   -0.05
   0.06    0.64   -0.64    0.06
   0.30    3.42   -3.42    0.30
   0.08    0.78   -0.78    0.08
   0.46    4.15   -4.15    0.45
   1.19    4.96   -4.96    1.19
   6.24   26.31  -26.31    6.23
   0.24    0.94   -0.94    0.24
   1.28    4.99   -4.99    1.28
  -0.28   -0.77    0.77   -0.28
   9.22   25.06  -25.06    9.22
  48.82  132.91 -132.90   48.82
  -0.32   -0.86    0.86   -0.32
  -0.66   -1.72    1.72   -0.66
  -0.42   -0.92    0.92   -0.42
  -0.30   -0.64    0.64   -0.30
  -1.61   -3.46    3.46   -1.61
  -4.48   -9.61    9.61   -4.48
  -0.90   -1.93    1.93   -0.90
  -0.86   -1.81    1.81   -0.86
   1.54    3.03   -3.03    1.54
  -0.29   -0.58    0.58   -0.29
  26.13   51.25  -51.25   26.13
  -0.22   -0.42    0.42   -0.22
  -0.61   -1.20    1.20   -0.61
   1.54    3.00   -3.00    1.54
 -77.48 -151.74  151.74  -77.48
 -10.52  -20.56   20.56  -10.52
   0.23    0.44   -0.44    0.23
  -0.61   -1.19    1.19   -0.61
  -1.09   -2.11    2.11   -1.09
  -0.69   -1.43    1.43   -0.69
  -3.46   -7.28    7.28   -3.46
  -0.69   -1.44    1.44   -0.69
  -0.37   -1.06    1.06   -0.37
  -0.17   -0.51    0.51   -0.17
  -1.10   -3.42    3.42   -1.09
  -0.70   -2.19    2.19   -0.70
  -0.15   -0.46    0.46   -0.15
  -0.03   -0.59    0.59   -0.03
  -0.02   -0.38    0.38   -0.02
  -0.49   -0.04    0.63    0.24
  -1.33   -0.17    1.53    0.68
  -6.08   -1.61    3.13    3.35
  -7.59   -2.05    3.44    4.23
  -0.52   -0.14    0.22    0.29
   0.47    0.11   -0.10   -0.27
   2.12    0.49   -0.41   -1.23
 -56.87  -12.93   11.15   32.88
  -0.54   -0.12    0.10    0.31
 -11.01   -2.40    1.89    6.41
  -0.51   -0.11    0.08    0.30
   0.98    0.11   -0.11   -0.58
   1.13    0.11   -0.13   -0.67
  12.32    1.00   -1.41   -7.31
-330.15  -26.96   37.58  195.92
  -1.01   -0.07    0.11    0.60
   2.47   -0.28   -0.44   -1.48
   9.40   -1.44   -1.88   -5.65
  -2.35    0.37    0.47    1.41
  -1.04    0.17    0.21    0.62
  -8.51    3.50    3.29    5.11
-144.13   63.56   59.23   86.56
   1.19   -0.56   -0.52   -0.72
   0.49   -0.25   -0.23   -0.29
 -38.48   19.14   17.72   23.11
 -11.44    5.75    5.32    6.87
  -1.24    0.63    0.58    0.75
  -1.77    1.79    1.71    1.04
  -0.77    0.78    0.75    0.45
  -0.33    0.62    0.65    0.19
