  0.0   0.6   -0.1   -0.1
  1.5   0.0   -0.2    0.1
-28.5  -0.2    3.4   -3.9
 -4.7  -0.1    0.6   -0.9
 -0.7   0.2   -0.2   -0.7
  1.0   0.3   -0.3    1.0
  1.2   0.2   -0.2    1.4
  1.3   0.4   -0.2    2.9
 -0.1  -0.2    0.0   -1.7
  0.9   4.0   -0.1   32.4
  0.1   0.6    0.0    5.1
  0.0   0.1    0.0    0.6
 -0.1   0.3    0.0    2.7
 -0.1   0.1    0.0    0.9
 -0.1   0.1    0.0    0.6
 -0.4   0.3   -0.3   -0.4
 -2.3   1.3   -1.3   -2.3
 -0.4   0.3   -0.3   -0.4
 -2.1   1.2   -1.2   -2.1
-11.4   6.5   -6.5  -11.4
  0.8  -0.5    0.5    0.8
 -4.8   2.7   -2.7   -4.8
 14.3  -8.2    8.2   14.3
  1.9  -1.1    1.1    1.9
  0.8  -0.4    0.4    0.8
