  0.396  -0.078
  0.195  -0.059
  1.034  -0.314
  0.224  -0.073
  1.187  -0.387
  0.966  -0.474
  5.118  -2.499
  0.172  -0.090
  0.911  -0.475
 -0.093   0.070
  3.025  -2.280
 16.020 -12.069
 -0.103   0.078
 -0.194   0.154
 -0.083   0.074
 -0.057   0.050
 -0.308   0.271
 -0.856   0.751
 -0.172   0.151
 -0.161   0.137
  0.315  -0.189
 -0.062   0.035
  5.512  -3.095
 -0.047   0.025
 -0.134   0.070
  0.348  -0.171
-17.620   8.548
 -2.392   1.159
  0.052  -0.025
 -0.144   0.065
 -0.267   0.111
 -0.288   0.043
 -1.610   0.187
 -0.320   0.037
 -0.407  -0.005
 -0.213  -0.005
 -1.436  -0.037
 -0.921  -0.023
 -0.193  -0.005
 -0.396  -0.024
 -0.253  -0.015
 -0.089  -0.011
 -0.224  -0.032
 -0.637  -0.177
 -0.745  -0.222
 -0.049  -0.015
  0.033   0.013
  0.141   0.058
 -3.795  -1.556
 -0.035  -0.015
 -0.698  -0.298
 -0.032  -0.014
  0.050   0.022
  0.056   0.025
  0.605   0.266
-16.195  -7.140
 -0.049  -0.021
  0.111   0.034
  0.425   0.117
 -0.106  -0.029
 -0.047  -0.013
 -0.437  -0.019
 -7.547  -0.159
  0.064   0.000
  0.027  -0.001
 -2.104   0.041
 -0.627   0.015
 -0.068   0.002
 -0.146   0.037
 -0.064   0.017
 -0.049   0.018
