% This is an US standard atmosphere 1976 table with altitude, density, pressure and temperature.	1.7	8
% The altitude goes from -5 to 100 km with steps of 100 m and then with steps of 1000m.	1.7	8
-5000	1.9311	177760	320.68	1.7	8
-4900	1.9145	175870	320.02	1.7	8
-4800	1.898	174000	319.37	1.7	8
-4700	1.8816	172140	318.72	1.7	8
-4600	1.8653	170300	318.07	1.7	8
-4500	1.8491	168480	317.42	1.7	8
-4400	1.833	166670	316.77	1.7	8
-4300	1.817	164880	316.12	1.7	8
-4200	1.8011	163100	315.47	1.7	8
-4100	1.7854	161340	314.82	1.7	8
-4000	1.7697	159600	314.17	1.7	8
-3900	1.7542	157870	313.52	1.7	8
-3800	1.7387	156150	312.86	1.7	8
-3700	1.7234	154450	312.21	1.7	8
-3600	1.7082	152770	311.56	1.7	8
-3500	1.693	151100	310.91	1.7	8
-3400	1.678	149440	310.26	1.7	8
-3300	1.6631	147810	309.61	1.7	8
-3200	1.6482	146180	308.96	1.7	8
-3100	1.6335	144570	308.31	1.7	8
-3000	1.6189	142970	307.66	1.7	8
-2900	1.6044	141390	307.01	1.7	8
-2800	1.59	139820	306.36	1.7	8
-2700	1.5756	138270	305.71	1.7	8
-2600	1.5614	136730	305.06	1.7	8
-2500	1.5473	135200	304.41	1.7	8
-2400	1.5333	133690	303.76	1.7	8
-2300	1.5194	132190	303.11	1.7	8
-2200	1.5055	130710	302.45	1.7	8
-2100	1.4918	129240	301.8	1.7	8
-2000	1.4782	127780	301.15	1.7	8
-1900	1.4646	126340	300.5	1.7	8
-1800	1.4512	124910	299.85	1.7	8
-1700	1.4378	123490	299.2	1.7	8
-1600	1.4246	122090	298.55	1.7	8
-1500	1.4114	120700	297.9	1.7	8
-1400	1.3984	119320	297.25	1.7	8
-1300	1.3854	117950	296.6	1.7	8
-1200	1.3725	116600	295.95	1.7	8
-1100	1.3597	115260	295.3	1.7	8
-1000	1.347	113930	294.65	1.7	8
-900	1.3344	112620	294	1.7	8
-800	1.3219	111310	293.35	1.7	8
-700	1.3095	110020	292.7	1.7	8
-600	1.2971	108740	292.05	1.7	8
-500	1.2849	107480	291.4	1.7	8
-400	1.2727	106220	290.75	1.7	8
-300	1.2607	104980	290.1	1.7	8
-200	1.2487	103750	289.45	1.7	8
-100	1.2368	102530	288.8	1.7	8
0	1.225	101320	288.15	1.7	8
100	1.2133	100130	287.5	1.7	8
200	1.2017	98945	286.85	1.7	8
300	1.1901	97773	286.2	1.7	8
400	1.1786	96611	285.55	1.7	8
500	1.1673	95461	284.9	1.7	8
600	1.156	94322	284.25	1.7	8
700	1.1448	93194	283.6	1.7	8
800	1.1337	92078	282.95	1.7	8
900	1.1226	90971	282.3	1.7	8
1000	1.1117	89876	281.65	1.7	8
1100	1.1008	88792	281	1.7	8
1200	1.09	87718	280.35	1.7	8
1300	1.0793	86655	279.7	1.7	8
1400	1.0687	85602	279.05	1.7	8
1500	1.0581	84560	278.4	1.7	8
1600	1.0476	83528	277.75	1.7	8
1700	1.0372	82506	277.1	1.7	8
1800	1.0269	81494	276.45	1.7	8
1900	1.0167	80493	275.8	1.7	8
2000	1.0066	79501	275.15	1.7	8
2100	0.99648	78520	274.5	1.7	8
2200	0.98648	77548	273.85	1.7	8
2300	0.97656	76586	273.21	1.7	8
2400	0.96672	75634	272.56	1.7	8
2500	0.95695	74692	271.91	1.7	8
2600	0.94726	73759	271.26	1.7	8
2700	0.93765	72835	270.61	1.7	8
2800	0.92811	71921	269.96	1.7	8
2900	0.91864	71017	269.31	1.7	8
3000	0.90925	70121	268.66	1.7	8
3100	0.89994	69235	268.01	1.7	8
3200	0.89069	68358	267.36	1.7	8
3300	0.88152	67490	266.71	1.7	8
3400	0.87243	66631	266.06	1.7	8
3500	0.8634	65780	265.41	1.7	8
3600	0.85445	64939	264.76	1.7	8
3700	0.84557	64106	264.11	1.7	8
3800	0.83676	63282	263.46	1.7	8
3900	0.82802	62467	262.82	1.7	8
4000	0.81935	61660	262.17	1.7	8
4100	0.81075	60862	261.52	1.7	8
4200	0.80222	60072	260.87	1.7	8
4300	0.79375	59291	260.22	1.7	8
4400	0.78536	58518	259.57	1.7	8
4500	0.77704	57753	258.92	1.7	8
4600	0.76878	56996	258.27	1.7	8
4700	0.76059	56247	257.62	1.7	8
4800	0.75247	55506	256.97	1.7	8
4900	0.74442	54773	256.32	1.7	8
5000	0.73643	54048	255.68	1.7	8
5100	0.72851	53331	255.03	1.7	8
5200	0.72065	52622	254.38	1.7	8
5300	0.71286	51920	253.73	1.7	8
5400	0.70513	51226	253.08	1.7	8
5500	0.69747	50539	252.43	1.7	8
5600	0.68987	49860	251.78	1.7	8
5700	0.68234	49189	251.13	1.7	8
5800	0.67486	48524	250.48	1.7	8
5900	0.66746	47867	249.84	1.7	8
6000	0.66011	47218	249.19	1.7	8
6100	0.65283	46575	248.54	1.7	8
6200	0.64561	45940	247.89	1.7	8
6300	0.63845	45311	247.24	1.7	8
6400	0.63135	44690	246.59	1.7	8
6500	0.62431	44075	245.94	1.7	8
6600	0.61733	43468	245.29	1.7	8
6700	0.61041	42867	244.65	1.7	8
6800	0.60356	42273	244	1.7	8
6900	0.59676	41686	243.35	1.7	8
7000	0.59002	41105	242.7	1.7	8
7100	0.58334	40531	242.05	1.7	8
7200	0.57671	39964	241.4	1.7	8
7300	0.57015	39403	240.75	1.7	8
7400	0.56364	38848	240.11	1.7	8
7500	0.55719	38300	239.46	1.7	8
7600	0.5508	37758	238.81	1.7	8
7700	0.54446	37222	238.16	1.7	8
7800	0.53818	36692	237.51	1.7	8
7900	0.53196	36169	236.86	1.7	8
8000	0.52579	35652	236.22	1.7	8
8100	0.51967	35140	235.57	1.7	8
8200	0.51361	34635	234.92	1.7	8
8300	0.50761	34136	234.27	1.7	8
8400	0.50165	33642	233.62	1.7	8
8500	0.49576	33154	232.97	1.7	8
8600	0.48991	32672	232.33	1.7	8
8700	0.48412	32196	231.68	1.7	8
8800	0.47838	31725	231.03	1.7	8
8900	0.4727	31260	230.38	1.7	8
9000	0.46706	30801	229.73	1.7	8
9100	0.46148	30347	229.08	1.7	8
9200	0.45595	29898	228.44	1.7	8
9300	0.45047	29455	227.79	1.7	8
9400	0.44504	29017	227.14	1.7	8
9500	0.43966	28585	226.49	1.7	8
9600	0.43433	28157	225.84	1.7	8
9700	0.42905	27735	225.2	1.7	8
9800	0.42382	27318	224.55	1.7	8
9900	0.41864	26907	223.9	1.7	8
10000	0.41351	26500	223.25	1.7	8
10100	0.40843	26098	222.6	1.7	8
10200	0.40339	25701	221.96	1.7	8
10300	0.3984	25309	221.31	1.7	8
10400	0.39346	24922	220.66	1.7	8
10500	0.38857	24540	220.01	1.7	8
10600	0.38372	24163	219.36	1.7	8
10700	0.37892	23790	218.72	1.7	8
10800	0.37417	23422	218.07	1.7	8
10900	0.36946	23059	217.42	1.7	8
11000	0.3648	22700	216.77	1.7	8
11100	0.35932	22346	216.65	1.7	8
11200	0.35372	21998	216.65	1.7	8
11300	0.3482	21655	216.65	1.7	8
11400	0.34277	21317	216.65	1.7	8
11500	0.33743	20985	216.65	1.7	8
11600	0.33217	20658	216.65	1.7	8
11700	0.32699	20336	216.65	1.7	8
11800	0.32189	20019	216.65	1.7	8
11900	0.31688	19707	216.65	1.7	8
12000	0.31194	19399	216.65	1.7	8
12100	0.30708	19097	216.65	1.7	8
12200	0.30229	18799	216.65	1.7	8
12300	0.29758	18506	216.65	1.7	8
12400	0.29294	18218	216.65	1.7	8
12500	0.28838	17934	216.65	1.7	8
12600	0.28388	17655	216.65	1.7	8
12700	0.27946	17379	216.65	1.7	8
12800	0.2751	17109	216.65	1.7	8
12900	0.27082	16842	216.65	1.7	8
13000	0.2666	16580	216.65	1.7	8
13100	0.26244	16321	216.65	1.7	8
13200	0.25835	16067	216.65	1.7	8
13300	0.25433	15817	216.65	1.7	8
13400	0.25037	15570	216.65	1.7	8
13500	0.24646	15328	216.65	1.7	8
13600	0.24262	15089	216.65	1.7	8
13700	0.23885	14854	216.65	1.7	8
13800	0.23512	14622	216.65	1.7	8
13900	0.23146	14395	216.65	1.7	8
14000	0.22786	14170	216.65	1.7	8
14100	0.22431	13950	216.65	1.7	8
14200	0.22081	13732	216.65	1.7	8
14300	0.21737	13518	216.65	1.7	8
14400	0.21399	13308	216.65	1.7	8
14500	0.21066	13101	216.65	1.7	8
14600	0.20737	12897	216.65	1.7	8
14700	0.20414	12696	216.65	1.7	8
14800	0.20097	12498	216.65	1.7	8
14900	0.19784	12303	216.65	1.7	8
15000	0.19476	12112	216.65	1.7	8
15100	0.19172	11923	216.65	1.7	8
15200	0.18874	11738	216.65	1.7	8
15300	0.1858	11555	216.65	1.7	8
15400	0.18291	11375	216.65	1.7	8
15500	0.18006	11198	216.65	1.7	8
15600	0.17725	11023	216.65	1.7	8
15700	0.17449	10852	216.65	1.7	8
15800	0.17178	10683	216.65	1.7	8
15900	0.1691	10517	216.65	1.7	8
16000	0.16647	10353	216.65	1.7	8
16100	0.16388	10192	216.65	1.7	8
16200	0.16133	10033	216.65	1.7	8
16300	0.15882	9876.8	216.65	1.7	8
16400	0.15635	9723.1	216.65	1.7	8
16500	0.15391	9571.8	216.65	1.7	8
16600	0.15152	9422.8	216.65	1.7	8
16700	0.14916	9276.1	216.65	1.7	8
16800	0.14684	9131.8	216.65	1.7	8
16900	0.14455	8989.6	216.65	1.7	8
17000	0.1423	8849.7	216.65	1.7	8
17100	0.14009	8712	216.65	1.7	8
17200	0.13791	8576.4	216.65	1.7	8
17300	0.13576	8443	216.65	1.7	8
17400	0.13365	8311.6	216.65	1.7	8
17500	0.13157	8182.3	216.65	1.7	8
17600	0.12952	8055	216.65	1.7	8
17700	0.12751	7929.6	216.65	1.7	8
17800	0.12552	7806.2	216.65	1.7	8
17900	0.12357	7684.8	216.65	1.7	8
18000	0.12165	7565.2	216.65	1.7	8
18100	0.11975	7447.5	216.65	1.7	8
18200	0.11789	7331.7	216.65	1.7	8
18300	0.11606	7217.6	216.65	1.7	8
18400	0.11425	7105.3	216.65	1.7	8
18500	0.11247	6994.8	216.65	1.7	8
18600	0.11073	6886	216.65	1.7	8
18700	0.109	6778.9	216.65	1.7	8
18800	0.10731	6673.5	216.65	1.7	8
18900	0.10564	6569.7	216.65	1.7	8
19000	0.104	6467.5	216.65	1.7	8
19100	0.10238	6366.9	216.65	1.7	8
19200	0.10079	6267.9	216.65	1.7	8
19300	0.099219	6170.4	216.65	1.7	8
19400	0.097676	6074.5	216.65	1.7	8
19500	0.096157	5980	216.65	1.7	8
19600	0.094662	5887	216.65	1.7	8
19700	0.09319	5795.5	216.65	1.7	8
19800	0.091741	5705.4	216.65	1.7	8
19900	0.090314	5616.6	216.65	1.7	8
20000	0.08891	5529.3	216.65	1.7	8
20100	0.087513	5443.3	216.69	1.7	8
20200	0.086113	5358.8	216.79	1.7	8
20300	0.084737	5275.5	216.89	1.7	8
20400	0.083383	5193.6	216.98	1.7	8
20500	0.082051	5113	217.08	1.7	8
20600	0.080742	5033.7	217.18	1.7	8
20700	0.079454	4955.7	217.28	1.7	8
20800	0.078187	4878.9	217.38	1.7	8
20900	0.076941	4803.3	217.48	1.7	8
21000	0.075715	4728.9	217.58	1.7	8
21100	0.074509	4655.8	217.68	1.7	8
21200	0.073323	4583.8	217.78	1.7	8
21300	0.072157	4512.9	217.88	1.7	8
21400	0.07101	4443.2	217.98	1.7	8
21500	0.069881	4374.6	218.08	1.7	8
21600	0.068771	4307	218.18	1.7	8
21700	0.067679	4240.6	218.28	1.7	8
21800	0.066605	4175.2	218.38	1.7	8
21900	0.065549	4110.8	218.47	1.7	8
22000	0.06451	4047.5	218.57	1.7	8
22100	0.063488	3985.2	218.67	1.7	8
22200	0.062482	3923.8	218.77	1.7	8
22300	0.061493	3863.5	218.87	1.7	8
22400	0.06052	3804.1	218.97	1.7	8
22500	0.059563	3745.6	219.07	1.7	8
22600	0.058621	3688.1	219.17	1.7	8
22700	0.057695	3631.4	219.27	1.7	8
22800	0.056784	3575.7	219.37	1.7	8
22900	0.055887	3520.8	219.47	1.7	8
23000	0.055006	3466.9	219.57	1.7	8
23100	0.054138	3413.7	219.67	1.7	8
23200	0.053285	3361.4	219.77	1.7	8
23300	0.052445	3310	219.86	1.7	8
23400	0.05162	3259.3	219.96	1.7	8
23500	0.050807	3209.5	220.06	1.7	8
23600	0.050008	3160.4	220.16	1.7	8
23700	0.049221	3112.1	220.26	1.7	8
23800	0.048448	3064.6	220.36	1.7	8
23900	0.047687	3017.8	220.46	1.7	8
24000	0.046938	2971.7	220.56	1.7	8
24100	0.046201	2926.4	220.66	1.7	8
24200	0.045476	2881.8	220.76	1.7	8
24300	0.044763	2837.9	220.86	1.7	8
24400	0.044062	2794.7	220.96	1.7	8
24500	0.043372	2752.1	221.06	1.7	8
24600	0.042693	2710.3	221.16	1.7	8
24700	0.042024	2669	221.25	1.7	8
24800	0.041367	2628.5	221.35	1.7	8
24900	0.04072	2588.5	221.45	1.7	8
25000	0.040084	2549.2	221.55	1.7	8
25100	0.039458	2510.5	221.65	1.7	8
25200	0.038842	2472.4	221.75	1.7	8
25300	0.038236	2434.9	221.85	1.7	8
25400	0.037639	2398	221.95	1.7	8
25500	0.037052	2361.7	222.05	1.7	8
25600	0.036475	2325.9	222.15	1.7	8
25700	0.035907	2290.7	222.25	1.7	8
25800	0.035348	2256.1	222.35	1.7	8
25900	0.034798	2222	222.44	1.7	8
26000	0.034257	2188.4	222.54	1.7	8
26100	0.033724	2155.3	222.64	1.7	8
26200	0.0332	2122.8	222.74	1.7	8
26300	0.032684	2090.7	222.84	1.7	8
26400	0.032177	2059.2	222.94	1.7	8
26500	0.031678	2028.1	223.04	1.7	8
26600	0.031186	1997.6	223.14	1.7	8
26700	0.030703	1967.5	223.24	1.7	8
26800	0.030227	1937.9	223.34	1.7	8
26900	0.029759	1908.7	223.44	1.7	8
27000	0.029298	1880	223.54	1.7	8
27100	0.028845	1851.7	223.63	1.7	8
27200	0.028399	1823.9	223.73	1.7	8
27300	0.02796	1796.5	223.83	1.7	8
27400	0.027528	1769.5	223.93	1.7	8
27500	0.027103	1742.9	224.03	1.7	8
27600	0.026684	1716.8	224.13	1.7	8
27700	0.026273	1691.1	224.23	1.7	8
27800	0.025867	1665.7	224.33	1.7	8
27900	0.025469	1640.8	224.43	1.7	8
28000	0.025076	1616.2	224.53	1.7	8
28100	0.02469	1592	224.63	1.7	8
28200	0.02431	1568.2	224.73	1.7	8
28300	0.023936	1544.7	224.82	1.7	8
28400	0.023568	1521.7	224.92	1.7	8
28500	0.023206	1498.9	225.02	1.7	8
28600	0.022849	1476.6	225.12	1.7	8
28700	0.022498	1454.5	225.22	1.7	8
28800	0.022153	1432.8	225.32	1.7	8
28900	0.021813	1411.5	225.42	1.7	8
29000	0.021478	1390.4	225.52	1.7	8
29100	0.021149	1369.7	225.62	1.7	8
29200	0.020825	1349.3	225.72	1.7	8
29300	0.020506	1329.2	225.82	1.7	8
29400	0.020192	1309.5	225.91	1.7	8
29500	0.019883	1290	226.01	1.7	8
29600	0.019579	1270.8	226.11	1.7	8
29700	0.01928	1251.9	226.21	1.7	8
29800	0.018985	1233.4	226.31	1.7	8
29900	0.018696	1215.1	226.41	1.7	8
30000	0.01841	1197	226.51	1.7	8
30100	0.018129	1179.3	226.61	1.7	8
30200	0.017853	1161.8	226.71	1.7	8
30300	0.017581	1144.6	226.81	1.7	8
30400	0.017313	1127.7	226.91	1.7	8
30500	0.017049	1111	227	1.7	8
30600	0.01679	1094.5	227.1	1.7	8
30700	0.016534	1078.3	227.2	1.7	8
30800	0.016283	1062.4	227.3	1.7	8
30900	0.016035	1046.7	227.4	1.7	8
31000	0.015792	1031.3	227.5	1.7	8
31100	0.015552	1016	227.6	1.7	8
31200	0.015316	1001.1	227.7	1.7	8
31300	0.015083	986.29	227.8	1.7	8
31400	0.014855	971.76	227.9	1.7	8
31500	0.014629	957.44	227.99	1.7	8
31600	0.014408	943.35	228.09	1.7	8
31700	0.01419	929.46	228.19	1.7	8
31800	0.013975	915.79	228.29	1.7	8
31900	0.013763	902.33	228.39	1.7	8
32000	0.013555	889.06	228.49	1.7	8
32100	0.01335	876	228.59	1.7	8
32200	0.013145	863.14	228.76	1.7	8
32300	0.012936	850.48	229.03	1.7	8
32400	0.012731	838.02	229.31	1.7	8
32500	0.01253	825.76	229.59	1.7	8
32600	0.012332	813.7	229.86	1.7	8
32700	0.012137	801.82	230.14	1.7	8
32800	0.011946	790.13	230.42	1.7	8
32900	0.011758	778.63	230.7	1.7	8
33000	0.011573	767.31	230.97	1.7	8
33100	0.011391	756.17	231.25	1.7	8
33200	0.011213	745.2	231.53	1.7	8
33300	0.011037	734.4	231.8	1.7	8
33400	0.010864	723.77	232.08	1.7	8
33500	0.010694	713.31	232.36	1.7	8
33600	0.010528	703.02	232.64	1.7	8
33700	0.010363	692.88	232.91	1.7	8
33800	0.010202	682.9	233.19	1.7	8
33900	0.010043	673.08	233.47	1.7	8
34000	0.0098874	663.41	233.74	1.7	8
34100	0.009734	653.89	234.02	1.7	8
34200	0.0095832	644.52	234.3	1.7	8
34300	0.0094348	635.3	234.57	1.7	8
34400	0.009289	626.22	234.85	1.7	8
34500	0.0091456	617.27	235.13	1.7	8
34600	0.0090045	608.47	235.41	1.7	8
34700	0.0088658	599.8	235.68	1.7	8
34800	0.0087294	591.27	235.96	1.7	8
34900	0.0085953	582.87	236.24	1.7	8
35000	0.0084634	574.59	236.51	1.7	8
35100	0.0083336	566.45	236.79	1.7	8
35200	0.008206	558.43	237.07	1.7	8
35300	0.0080805	550.53	237.34	1.7	8
35400	0.0079571	542.75	237.62	1.7	8
35500	0.0078357	535.1	237.9	1.7	8
35600	0.0077163	527.55	238.17	1.7	8
35700	0.0075989	520.13	238.45	1.7	8
35800	0.0074833	512.82	238.73	1.7	8
35900	0.0073697	505.61	239.01	1.7	8
36000	0.0072579	498.52	239.28	1.7	8
36100	0.007148	491.54	239.56	1.7	8
36200	0.0070398	484.66	239.84	1.7	8
36300	0.0069334	477.89	240.11	1.7	8
36400	0.0068288	471.22	240.39	1.7	8
36500	0.0067258	464.64	240.67	1.7	8
36600	0.0066245	458.17	240.94	1.7	8
36700	0.0065248	451.8	241.22	1.7	8
36800	0.0064268	445.52	241.5	1.7	8
36900	0.0063304	439.34	241.77	1.7	8
37000	0.0062355	433.25	242.05	1.7	8
37100	0.0061421	427.25	242.33	1.7	8
37200	0.0060502	421.34	242.6	1.7	8
37300	0.0059599	415.52	242.88	1.7	8
37400	0.0058709	409.79	243.16	1.7	8
37500	0.0057835	404.14	243.43	1.7	8
37600	0.0056974	398.58	243.71	1.7	8
37700	0.0056126	393.1	243.99	1.7	8
37800	0.0055293	387.7	244.26	1.7	8
37900	0.0054473	382.38	244.54	1.7	8
38000	0.0053666	377.14	244.82	1.7	8
38100	0.0052871	371.98	245.09	1.7	8
38200	0.005209	366.89	245.37	1.7	8
38300	0.0051321	361.88	245.65	1.7	8
38400	0.0050564	356.95	245.92	1.7	8
38500	0.0049819	352.08	246.2	1.7	8
38600	0.0049086	347.29	246.48	1.7	8
38700	0.0048364	342.57	246.75	1.7	8
38800	0.0047654	337.92	247.03	1.7	8
38900	0.0046955	333.34	247.31	1.7	8
39000	0.0046267	328.82	247.58	1.7	8
39100	0.004559	324.37	247.86	1.7	8
39200	0.0044924	319.99	248.14	1.7	8
39300	0.0044268	315.67	248.41	1.7	8
39400	0.0043623	311.41	248.69	1.7	8
39500	0.0042987	307.22	248.97	1.7	8
39600	0.0042362	303.08	249.24	1.7	8
39700	0.0041746	299.01	249.52	1.7	8
39800	0.004114	295	249.8	1.7	8
39900	0.0040544	291.04	250.07	1.7	8
40000	0.0039957	287.14	250.35	1.7	8
40100	0.0039379	283.3	250.63	1.7	8
40200	0.003881	279.52	250.9	1.7	8
40300	0.003825	275.79	251.18	1.7	8
40400	0.0037698	272.11	251.46	1.7	8
40500	0.0037155	268.48	251.73	1.7	8
40600	0.0036621	264.91	252.01	1.7	8
40700	0.0036094	261.39	252.28	1.7	8
40800	0.0035576	257.92	252.56	1.7	8
40900	0.0035066	254.5	252.84	1.7	8
41000	0.0034564	251.13	253.11	1.7	8
41100	0.003407	247.81	253.39	1.7	8
41200	0.0033583	244.54	253.67	1.7	8
41300	0.0033103	241.31	253.94	1.7	8
41400	0.0032631	238.13	254.22	1.7	8
41500	0.0032167	234.99	254.5	1.7	8
41600	0.0031709	231.9	254.77	1.7	8
41700	0.0031259	228.85	255.05	1.7	8
41800	0.0030815	225.85	255.33	1.7	8
41900	0.0030378	222.89	255.6	1.7	8
42000	0.0029948	219.97	255.88	1.7	8
42100	0.0029524	217.09	256.15	1.7	8
42200	0.0029107	214.25	256.43	1.7	8
42300	0.0028696	211.46	256.71	1.7	8
42400	0.0028291	208.7	256.98	1.7	8
42500	0.0027893	205.98	257.26	1.7	8
42600	0.00275	203.3	257.54	1.7	8
42700	0.0027114	200.66	257.81	1.7	8
42800	0.0026733	198.05	258.09	1.7	8
42900	0.0026358	195.48	258.36	1.7	8
43000	0.0025989	192.95	258.64	1.7	8
43100	0.0025625	190.45	258.92	1.7	8
43200	0.0025267	187.99	259.19	1.7	8
43300	0.0024914	185.57	259.47	1.7	8
43400	0.0024567	183.17	259.75	1.7	8
43500	0.0024224	180.81	260.02	1.7	8
43600	0.0023887	178.48	260.3	1.7	8
43700	0.0023555	176.19	260.57	1.7	8
43800	0.0023228	173.93	260.85	1.7	8
43900	0.0022906	171.7	261.13	1.7	8
44000	0.0022589	169.5	261.4	1.7	8
44100	0.0022276	167.33	261.68	1.7	8
44200	0.0021968	165.19	261.96	1.7	8
44300	0.0021664	163.08	262.23	1.7	8
44400	0.0021365	161	262.51	1.7	8
44500	0.0021071	158.94	262.78	1.7	8
44600	0.0020781	156.92	263.06	1.7	8
44700	0.0020495	154.93	263.34	1.7	8
44800	0.0020214	152.96	263.61	1.7	8
44900	0.0019936	151.02	263.89	1.7	8
45000	0.0019663	149.1	264.16	1.7	8
45100	0.0019394	147.21	264.44	1.7	8
45200	0.0019128	145.35	264.72	1.7	8
45300	0.0018867	143.51	264.99	1.7	8
45400	0.0018609	141.7	265.27	1.7	8
45500	0.0018356	139.92	265.54	1.7	8
45600	0.0018106	138.15	265.82	1.7	8
45700	0.0017859	136.41	266.1	1.7	8
45800	0.0017616	134.7	266.37	1.7	8
45900	0.0017377	133.01	266.65	1.7	8
46000	0.0017141	131.34	266.92	1.7	8
46100	0.0016909	129.69	267.2	1.7	8
46200	0.001668	128.07	267.48	1.7	8
46300	0.0016455	126.47	267.75	1.7	8
46400	0.0016233	124.89	268.03	1.7	8
46500	0.0016014	123.33	268.3	1.7	8
46600	0.0015798	121.8	268.58	1.7	8
46700	0.0015585	120.28	268.86	1.7	8
46800	0.0015375	118.78	269.13	1.7	8
46900	0.0015169	117.31	269.41	1.7	8
47000	0.0014965	115.85	269.68	1.7	8
47100	0.0014765	114.41	269.96	1.7	8
47200	0.0014567	113	270.24	1.7	8
47300	0.0014372	111.6	270.51	1.7	8
47400	0.0014187	110.22	270.65	1.7	8
47500	0.0014012	108.86	270.65	1.7	8
47600	0.0013838	107.51	270.65	1.7	8
47700	0.0013667	106.18	270.65	1.7	8
47800	0.0013499	104.87	270.65	1.7	8
47900	0.0013332	103.58	270.65	1.7	8
48000	0.0013167	102.3	270.65	1.7	8
48100	0.0013004	101.03	270.65	1.7	8
48200	0.0012844	99.783	270.65	1.7	8
48300	0.0012685	98.55	270.65	1.7	8
48400	0.0012528	97.333	270.65	1.7	8
48500	0.0012373	96.13	270.65	1.7	8
48600	0.0012221	94.942	270.65	1.7	8
48700	0.001207	93.769	270.65	1.7	8
48800	0.001192	92.611	270.65	1.7	8
48900	0.0011773	91.467	270.65	1.7	8
49000	0.0011628	90.337	270.65	1.7	8
49100	0.0011484	89.221	270.65	1.7	8
49200	0.0011342	88.119	270.65	1.7	8
49300	0.0011202	87.03	270.65	1.7	8
49400	0.0011064	85.955	270.65	1.7	8
49500	0.0010927	84.894	270.65	1.7	8
49600	0.0010792	83.845	270.65	1.7	8
49700	0.0010659	82.809	270.65	1.7	8
49800	0.0010527	81.787	270.65	1.7	8
49900	0.0010397	80.777	270.65	1.7	8
50000	0.0010269	79.779	270.65	1.7	8
50100	0.0010142	78.794	270.65	1.7	8
50200	0.0010017	77.821	270.65	1.7	8
50300	0.0009893	76.86	270.65	1.7	8
50400	0.00097709	75.911	270.65	1.7	8
50500	0.00096502	74.973	270.65	1.7	8
50600	0.00095311	74.048	270.65	1.7	8
50700	0.00094134	73.133	270.65	1.7	8
50800	0.00092972	72.231	270.65	1.7	8
50900	0.00091824	71.339	270.65	1.7	8
51000	0.0009069	70.458	270.65	1.7	8
51100	0.00089571	69.588	270.65	1.7	8
51200	0.00088465	68.729	270.65	1.7	8
51300	0.00087373	67.881	270.65	1.7	8
51400	0.00086294	67.043	270.65	1.7	8
51500	0.00085305	66.215	270.41	1.7	8
51600	0.00084336	65.396	270.13	1.7	8
51700	0.00083378	64.587	269.86	1.7	8
51800	0.00082429	63.787	269.58	1.7	8
51900	0.0008149	62.997	269.31	1.7	8
52000	0.00080562	62.215	269.03	1.7	8
52100	0.00079642	61.442	268.76	1.7	8
52200	0.00078733	60.678	268.48	1.7	8
52300	0.00077833	59.923	268.2	1.7	8
52400	0.00076942	59.176	267.93	1.7	8
52500	0.00076061	58.438	267.65	1.7	8
52600	0.00075189	57.709	267.38	1.7	8
52700	0.00074326	56.988	267.1	1.7	8
52800	0.00073472	56.275	266.83	1.7	8
52900	0.00072627	55.57	266.55	1.7	8
53000	0.00071791	54.874	266.28	1.7	8
53100	0.00070963	54.185	266	1.7	8
53200	0.00070145	53.505	265.73	1.7	8
53300	0.00069335	52.832	265.45	1.7	8
53400	0.00068534	52.167	265.18	1.7	8
53500	0.00067741	51.51	264.9	1.7	8
53600	0.00066956	50.861	264.62	1.7	8
53700	0.0006618	50.219	264.35	1.7	8
53800	0.00065412	49.584	264.07	1.7	8
53900	0.00064652	48.957	263.8	1.7	8
54000	0.000639	48.338	263.52	1.7	8
54100	0.00063157	47.725	263.25	1.7	8
54200	0.00062421	47.12	262.97	1.7	8
54300	0.00061693	46.521	262.7	1.7	8
54400	0.00060973	45.93	262.42	1.7	8
54500	0.0006026	45.346	262.15	1.7	8
54600	0.00059555	44.768	261.87	1.7	8
54700	0.00058858	44.197	261.6	1.7	8
54800	0.00058168	43.633	261.32	1.7	8
54900	0.00057485	43.076	261.05	1.7	8
55000	0.0005681	42.525	260.77	1.7	8
55100	0.00056142	41.981	260.5	1.7	8
55200	0.00055481	41.443	260.22	1.7	8
55300	0.00054827	40.911	259.95	1.7	8
55400	0.00054181	40.386	259.67	1.7	8
55500	0.00053541	39.867	259.4	1.7	8
55600	0.00052908	39.354	259.12	1.7	8
55700	0.00052282	38.847	258.84	1.7	8
55800	0.00051663	38.346	258.57	1.7	8
55900	0.00051051	37.851	258.29	1.7	8
56000	0.00050445	37.362	258.02	1.7	8
56100	0.00049846	36.879	257.74	1.7	8
56200	0.00049253	36.402	257.47	1.7	8
56300	0.00048667	35.93	257.19	1.7	8
56400	0.00048087	35.464	256.92	1.7	8
56500	0.00047513	35.003	256.64	1.7	8
56600	0.00046946	34.548	256.37	1.7	8
56700	0.00046385	34.099	256.09	1.7	8
56800	0.0004583	33.654	255.82	1.7	8
56900	0.00045281	33.216	255.54	1.7	8
57000	0.00044738	32.782	255.27	1.7	8
57100	0.00044201	32.354	254.99	1.7	8
57200	0.0004367	31.93	254.72	1.7	8
57300	0.00043145	31.512	254.44	1.7	8
57400	0.00042625	31.099	254.17	1.7	8
57500	0.00042111	30.691	253.89	1.7	8
57600	0.00041603	30.288	253.62	1.7	8
57700	0.00041101	29.89	253.34	1.7	8
57800	0.00040604	29.496	253.07	1.7	8
57900	0.00040112	29.108	252.79	1.7	8
58000	0.00039626	28.724	252.52	1.7	8
58100	0.00039146	28.344	252.24	1.7	8
58200	0.00038671	27.97	251.97	1.7	8
58300	0.00038201	27.6	251.69	1.7	8
58400	0.00037736	27.234	251.42	1.7	8
58500	0.00037276	26.873	251.14	1.7	8
58600	0.00036822	26.516	250.87	1.7	8
58700	0.00036372	26.164	250.59	1.7	8
58800	0.00035928	25.816	250.32	1.7	8
58900	0.00035488	25.472	250.04	1.7	8
59000	0.00035054	25.132	249.77	1.7	8
59100	0.00034624	24.797	249.49	1.7	8
59200	0.00034199	24.466	249.22	1.7	8
59300	0.00033779	24.139	248.94	1.7	8
59400	0.00033364	23.815	248.67	1.7	8
59500	0.00032953	23.496	248.39	1.7	8
59600	0.00032547	23.181	248.12	1.7	8
59700	0.00032145	22.87	247.85	1.7	8
59800	0.00031748	22.562	247.57	1.7	8
59900	0.00031356	22.259	247.3	1.7	8
60000	0.00030968	21.959	247.02	1.7	8
60100	0.00030584	21.662	246.75	1.7	8
60200	0.00030205	21.37	246.47	1.7	8
60300	0.0002983	21.081	246.2	1.7	8
60400	0.00029459	20.796	245.92	1.7	8
60500	0.00029092	20.514	245.65	1.7	8
60600	0.0002873	20.236	245.37	1.7	8
60700	0.00028372	19.961	245.1	1.7	8
60800	0.00028018	19.69	244.82	1.7	8
60900	0.00027667	19.422	244.55	1.7	8
61000	0.00027321	19.158	244.27	1.7	8
61100	0.00026979	18.896	244	1.7	8
61200	0.00026641	18.638	243.72	1.7	8
61300	0.00026306	18.384	243.45	1.7	8
61400	0.00025976	18.132	243.17	1.7	8
61500	0.00025649	17.884	242.9	1.7	8
61600	0.00025326	17.639	242.63	1.7	8
61700	0.00025007	17.397	242.35	1.7	8
61800	0.00024691	17.158	242.08	1.7	8
61900	0.00024379	16.922	241.8	1.7	8
62000	0.00024071	16.689	241.53	1.7	8
62100	0.00023766	16.459	241.25	1.7	8
62200	0.00023465	16.232	240.98	1.7	8
62300	0.00023167	16.007	240.7	1.7	8
62400	0.00022873	15.786	240.43	1.7	8
62500	0.00022582	15.567	240.15	1.7	8
62600	0.00022294	15.352	239.88	1.7	8
62700	0.0002201	15.139	239.6	1.7	8
62800	0.00021729	14.928	239.33	1.7	8
62900	0.00021452	14.721	239.06	1.7	8
63000	0.00021178	14.516	238.78	1.7	8
63100	0.00020906	14.313	238.51	1.7	8
63200	0.00020638	14.114	238.23	1.7	8
63300	0.00020374	13.917	237.96	1.7	8
63400	0.00020112	13.722	237.68	1.7	8
63500	0.00019853	13.53	237.41	1.7	8
63600	0.00019598	13.34	237.13	1.7	8
63700	0.00019345	13.153	236.86	1.7	8
63800	0.00019095	12.968	236.59	1.7	8
63900	0.00018849	12.786	236.31	1.7	8
64000	0.00018605	12.606	236.04	1.7	8
64100	0.00018364	12.428	235.76	1.7	8
64200	0.00018126	12.253	235.49	1.7	8
64300	0.00017891	12.08	235.21	1.7	8
64400	0.00017659	11.909	234.94	1.7	8
64500	0.00017429	11.74	234.66	1.7	8
64600	0.00017202	11.574	234.39	1.7	8
64700	0.00016978	11.41	234.12	1.7	8
64800	0.00016756	11.248	233.84	1.7	8
64900	0.00016537	11.088	233.57	1.7	8
65000	0.00016321	10.93	233.29	1.7	8
65100	0.00016107	10.774	233.02	1.7	8
65200	0.00015896	10.62	232.74	1.7	8
65300	0.00015688	10.468	232.47	1.7	8
65400	0.00015481	10.319	232.19	1.7	8
65500	0.00015278	10.171	231.92	1.7	8
65600	0.00015077	10.025	231.65	1.7	8
65700	0.00014878	9.8812	231.37	1.7	8
65800	0.00014681	9.7393	231.1	1.7	8
65900	0.00014487	9.5991	230.82	1.7	8
66000	0.00014296	9.4609	230.55	1.7	8
66100	0.00014106	9.3245	230.27	1.7	8
66200	0.00013919	9.1899	230	1.7	8
66300	0.00013735	9.0571	229.73	1.7	8
66400	0.00013552	8.926	229.45	1.7	8
66500	0.00013372	8.7967	229.18	1.7	8
66600	0.00013194	8.6692	228.9	1.7	8
66700	0.00013018	8.5433	228.63	1.7	8
66800	0.00012844	8.4191	228.36	1.7	8
66900	0.00012672	8.2966	228.08	1.7	8
67000	0.00012503	8.1757	227.81	1.7	8
67100	0.00012335	8.0565	227.53	1.7	8
67200	0.0001217	7.9388	227.26	1.7	8
67300	0.00012006	7.8227	226.98	1.7	8
67400	0.00011845	7.7082	226.71	1.7	8
67500	0.00011685	7.5953	226.44	1.7	8
67600	0.00011528	7.4838	226.16	1.7	8
67700	0.00011372	7.3739	225.89	1.7	8
67800	0.00011219	7.2655	225.61	1.7	8
67900	0.00011067	7.1585	225.34	1.7	8
68000	0.00010917	7.053	225.07	1.7	8
68100	0.00010769	6.9489	224.79	1.7	8
68200	0.00010623	6.8462	224.52	1.7	8
68300	0.00010478	6.7449	224.24	1.7	8
68400	0.00010336	6.645	223.97	1.7	8
68500	0.00010195	6.5465	223.69	1.7	8
68600	0.00010056	6.4493	223.42	1.7	8
68700	9.9187e-005	6.3534	223.15	1.7	8
68800	9.7831e-005	6.2589	222.87	1.7	8
68900	9.6492e-005	6.1656	222.6	1.7	8
69000	9.517e-005	6.0737	222.32	1.7	8
69100	9.3864e-005	5.983	222.05	1.7	8
69200	9.2575e-005	5.8935	221.78	1.7	8
69300	9.1302e-005	5.8053	221.5	1.7	8
69400	9.0045e-005	5.7183	221.23	1.7	8
69500	8.8804e-005	5.6324	220.95	1.7	8
69600	8.7578e-005	5.5478	220.68	1.7	8
69700	8.6368e-005	5.4644	220.41	1.7	8
69800	8.5173e-005	5.3821	220.13	1.7	8
69900	8.3993e-005	5.3009	219.86	1.7	8
70000	8.2829e-005	5.2209	219.58	1.7	8
70100	8.1679e-005	5.142	219.31	1.7	8
70200	8.0543e-005	5.0642	219.04	1.7	8
70300	7.9422e-005	4.9874	218.76	1.7	8
70400	7.8315e-005	4.9118	218.49	1.7	8
70500	7.7223e-005	4.8372	218.22	1.7	8
70600	7.6144e-005	4.7636	217.94	1.7	8
70700	7.5079e-005	4.6911	217.67	1.7	8
70800	7.4028e-005	4.6196	217.39	1.7	8
70900	7.299e-005	4.5491	217.12	1.7	8
71000	7.1965e-005	4.4796	216.85	1.7	8
71100	7.0954e-005	4.411	216.57	1.7	8
71200	6.9955e-005	4.3435	216.3	1.7	8
71300	6.897e-005	4.2768	216.02	1.7	8
71400	6.7997e-005	4.2112	215.75	1.7	8
71500	6.7036e-005	4.1464	215.48	1.7	8
71600	6.6088e-005	4.0826	215.2	1.7	8
71700	6.5153e-005	4.0197	214.93	1.7	8
71800	6.4229e-005	3.9576	214.66	1.7	8
71900	6.3295e-005	3.8965	214.46	1.7	8
72000	6.2373e-005	3.8362	214.26	1.7	8
72100	6.1464e-005	3.7769	214.07	1.7	8
72200	6.0567e-005	3.7184	213.87	1.7	8
72300	5.9683e-005	3.6607	213.68	1.7	8
72400	5.8811e-005	3.6039	213.48	1.7	8
72500	5.7951e-005	3.548	213.29	1.7	8
72600	5.7102e-005	3.4928	213.09	1.7	8
72700	5.6265e-005	3.4385	212.89	1.7	8
72800	5.544e-005	3.3849	212.7	1.7	8
72900	5.4626e-005	3.3322	212.5	1.7	8
73000	5.3824e-005	3.2802	212.31	1.7	8
73100	5.3032e-005	3.229	212.11	1.7	8
73200	5.2252e-005	3.1786	211.92	1.7	8
73300	5.1482e-005	3.1288	211.72	1.7	8
73400	5.0723e-005	3.0799	211.53	1.7	8
73500	4.9975e-005	3.0316	211.33	1.7	8
73600	4.9237e-005	2.9841	211.13	1.7	8
73700	4.8509e-005	2.9372	210.94	1.7	8
73800	4.7791e-005	2.8911	210.74	1.7	8
73900	4.7083e-005	2.8456	210.55	1.7	8
74000	4.6385e-005	2.8009	210.35	1.7	8
74100	4.5697e-005	2.7567	210.16	1.7	8
74200	4.5019e-005	2.7133	209.96	1.7	8
74300	4.4349e-005	2.6705	209.77	1.7	8
74400	4.369e-005	2.6283	209.57	1.7	8
74500	4.3039e-005	2.5867	209.38	1.7	8
74600	4.2398e-005	2.5458	209.18	1.7	8
74700	4.1765e-005	2.5055	208.99	1.7	8
74800	4.1142e-005	2.4658	208.79	1.7	8
74900	4.0527e-005	2.4267	208.59	1.7	8
75000	3.9921e-005	2.3881	208.4	1.7	8
75100	3.9323e-005	2.3502	208.2	1.7	8
75200	3.8734e-005	2.3128	208.01	1.7	8
75300	3.8153e-005	2.276	207.81	1.7	8
75400	3.7581e-005	2.2397	207.62	1.7	8
75500	3.7016e-005	2.204	207.42	1.7	8
75600	3.646e-005	2.1688	207.23	1.7	8
75700	3.5911e-005	2.1341	207.03	1.7	8
75800	3.537e-005	2.1	206.84	1.7	8
75900	3.4837e-005	2.0664	206.64	1.7	8
76000	3.4311e-005	2.0333	206.45	1.7	8
76100	3.3793e-005	2.0007	206.25	1.7	8
76200	3.3282e-005	1.9686	206.06	1.7	8
76300	3.2778e-005	1.9369	205.86	1.7	8
76400	3.2282e-005	1.9058	205.66	1.7	8
76500	3.1792e-005	1.8751	205.47	1.7	8
76600	3.131e-005	1.8449	205.27	1.7	8
76700	3.0834e-005	1.8152	205.08	1.7	8
76800	3.0365e-005	1.7859	204.88	1.7	8
76900	2.9903e-005	1.757	204.69	1.7	8
77000	2.9448e-005	1.7286	204.49	1.7	8
77100	2.8999e-005	1.7006	204.3	1.7	8
77200	2.8557e-005	1.6731	204.1	1.7	8
77300	2.8121e-005	1.646	203.91	1.7	8
77400	2.7691e-005	1.6192	203.71	1.7	8
77500	2.7267e-005	1.5929	203.52	1.7	8
77600	2.6849e-005	1.567	203.32	1.7	8
77700	2.6438e-005	1.5415	203.13	1.7	8
77800	2.6032e-005	1.5164	202.93	1.7	8
77900	2.5633e-005	1.4917	202.74	1.7	8
78000	2.5239e-005	1.4674	202.54	1.7	8
78100	2.485e-005	1.4434	202.35	1.7	8
78200	2.4468e-005	1.4198	202.15	1.7	8
78300	2.409e-005	1.3966	201.96	1.7	8
78400	2.3719e-005	1.3737	201.76	1.7	8
78500	2.3352e-005	1.3512	201.57	1.7	8
78600	2.2992e-005	1.329	201.37	1.7	8
78700	2.2636e-005	1.3072	201.17	1.7	8
78800	2.2285e-005	1.2857	200.98	1.7	8
78900	2.194e-005	1.2645	200.78	1.7	8
79000	2.16e-005	1.2437	200.59	1.7	8
79100	2.1264e-005	1.2232	200.39	1.7	8
79200	2.0934e-005	1.203	200.2	1.7	8
79300	2.0608e-005	1.1831	200	1.7	8
79400	2.0287e-005	1.1636	199.81	1.7	8
79500	1.9971e-005	1.1443	199.61	1.7	8
79600	1.9659e-005	1.1254	199.42	1.7	8
79700	1.9352e-005	1.1067	199.22	1.7	8
79800	1.905e-005	1.0883	199.03	1.7	8
79900	1.8752e-005	1.0703	198.83	1.7	8
80000	1.8458e-005	1.0525	198.64	1.7	8
80100	1.8169e-005	1.035	198.44	1.7	8
80200	1.7884e-005	1.0177	198.25	1.7	8
80300	1.7603e-005	1.0008	198.05	1.7	8
80400	1.7326e-005	0.98405	197.86	1.7	8
80500	1.7053e-005	0.96761	197.66	1.7	8
80600	1.6785e-005	0.95143	197.47	1.7	8
80700	1.652e-005	0.93551	197.27	1.7	8
80800	1.626e-005	0.91984	197.08	1.7	8
80900	1.6003e-005	0.90441	196.88	1.7	8
81000	1.575e-005	0.88923	196.69	1.7	8
81100	1.5501e-005	0.87429	196.49	1.7	8
81200	1.5255e-005	0.85959	196.29	1.7	8
81300	1.5013e-005	0.84512	196.1	1.7	8
81400	1.4775e-005	0.83088	195.9	1.7	8
81500	1.454e-005	0.81687	195.71	1.7	8
81600	1.4309e-005	0.80308	195.51	1.7	8
81700	1.4081e-005	0.78951	195.32	1.7	8
81800	1.3857e-005	0.77616	195.12	1.7	8
81900	1.3636e-005	0.76302	194.92	1.7	8
82000	1.3418e-005	0.75009	194.73	1.7	8
82100	1.3204e-005	0.73736	194.53	1.7	8
82200	1.2993e-005	0.72485	194.33	1.7	8
82300	1.2785e-005	0.71253	194.14	1.7	8
82400	1.258e-005	0.70041	193.94	1.7	8
82500	1.2378e-005	0.68848	193.75	1.7	8
82600	1.2179e-005	0.67675	193.55	1.7	8
82700	1.1984e-005	0.6652	193.35	1.7	8
82800	1.1791e-005	0.65384	193.16	1.7	8
82900	1.1601e-005	0.64266	192.96	1.7	8
83000	1.1414e-005	0.63167	192.76	1.7	8
83100	1.123e-005	0.62085	192.57	1.7	8
83200	1.1049e-005	0.61021	192.37	1.7	8
83300	1.087e-005	0.59974	192.18	1.7	8
83400	1.0694e-005	0.58943	191.98	1.7	8
83500	1.0521e-005	0.5793	191.78	1.7	8
83600	1.035e-005	0.56933	191.59	1.7	8
83700	1.0183e-005	0.55952	191.39	1.7	8
83800	1.0017e-005	0.54987	191.19	1.7	8
83900	9.8542e-006	0.54038	191	1.7	8
84000	9.6939e-006	0.53104	190.8	1.7	8
84100	9.536e-006	0.52186	190.6	1.7	8
84200	9.3805e-006	0.51283	190.41	1.7	8
84300	9.2273e-006	0.50394	190.21	1.7	8
84400	9.0766e-006	0.4952	190.01	1.7	8
84500	8.9281e-006	0.4866	189.82	1.7	8
84600	8.782e-006	0.47814	189.62	1.7	8
84700	8.6381e-006	0.46982	189.42	1.7	8
84800	8.4964e-006	0.46164	189.23	1.7	8
84900	8.3569e-006	0.4536	189.03	1.7	8
85000	8.2195e-006	0.44568	188.84	1.7	8
85100	8.0843e-006	0.4379	188.64	1.7	8
85200	7.9511e-006	0.43024	188.44	1.7	8
85300	7.8201e-006	0.42271	188.25	1.7	8
85400	7.691e-006	0.41531	188.05	1.7	8
85500	7.564e-006	0.40802	187.85	1.7	8
85600	7.4389e-006	0.40086	187.66	1.7	8
85700	7.3158e-006	0.39382	187.46	1.7	8
85800	7.1946e-006	0.38689	187.26	1.7	8
85900	7.0753e-006	0.38008	187.06	1.7	8
86000	6.9579e-006	0.37338	186.87	1.7	8
86100	6.8352e-006	0.3668	186.87	1.7	8
86200	6.7146e-006	0.36034	186.87	1.7	8
86300	6.5962e-006	0.35399	186.87	1.7	8
86400	6.4799e-006	0.34776	186.87	1.7	8
86500	6.3656e-006	0.34163	186.87	1.7	8
86600	6.2534e-006	0.33561	186.87	1.7	8
86700	6.1431e-006	0.3297	186.87	1.7	8
86800	6.0348e-006	0.32389	186.87	1.7	8
86900	5.9284e-006	0.31819	186.87	1.7	8
87000	5.8239e-006	0.31259	186.87	1.7	8
87100	5.7212e-006	0.30708	186.87	1.7	8
87200	5.6204e-006	0.30168	186.87	1.7	8
87300	5.5213e-006	0.29637	186.87	1.7	8
87400	5.424e-006	0.29115	186.87	1.7	8
87500	5.3284e-006	0.28603	186.87	1.7	8
87600	5.2345e-006	0.28099	186.87	1.7	8
87700	5.1422e-006	0.27605	186.87	1.7	8
87800	5.0516e-006	0.27119	186.87	1.7	8
87900	4.9626e-006	0.26642	186.87	1.7	8
88000	4.8751e-006	0.26173	186.87	1.7	8
88100	4.7892e-006	0.25713	186.87	1.7	8
88200	4.7048e-006	0.25261	186.87	1.7	8
88300	4.6219e-006	0.24816	186.87	1.7	8
88400	4.5404e-006	0.2438	186.87	1.7	8
88500	4.4604e-006	0.23951	186.87	1.7	8
88600	4.3818e-006	0.2353	186.87	1.7	8
88700	4.3046e-006	0.23116	186.87	1.7	8
88800	4.2287e-006	0.2271	186.87	1.7	8
88900	4.1542e-006	0.22311	186.87	1.7	8
89000	4.081e-006	0.21919	186.87	1.7	8
89100	4.0091e-006	0.21534	186.87	1.7	8
89200	3.9385e-006	0.21155	186.87	1.7	8
89300	3.8691e-006	0.20784	186.87	1.7	8
89400	3.8009e-006	0.20419	186.87	1.7	8
89500	3.7339e-006	0.2006	186.87	1.7	8
89600	3.6681e-006	0.19708	186.87	1.7	8
89700	3.6035e-006	0.19361	186.87	1.7	8
89800	3.54e-006	0.19021	186.87	1.7	8
89900	3.4776e-006	0.18687	186.87	1.7	8
90000	3.4163e-006	0.18359	186.87	1.7	8
90100	3.3561e-006	0.18037	186.87	1.7	8
90200	3.297e-006	0.1772	186.87	1.7	8
90300	3.2389e-006	0.17409	186.87	1.7	8
90400	3.1818e-006	0.17104	186.87	1.7	8
90500	3.1257e-006	0.16804	186.87	1.7	8
90600	3.0706e-006	0.16509	186.87	1.7	8
90700	3.0165e-006	0.16219	186.87	1.7	8
90800	2.9633e-006	0.15935	186.87	1.7	8
90900	2.9111e-006	0.15655	186.87	1.7	8
91000	2.8598e-006	0.15381	186.87	1.7	8
91100	2.8094e-006	0.15111	186.87	1.7	8
91200	2.7598e-006	0.14846	186.87	1.7	8
91300	2.7111e-006	0.14585	186.88	1.7	8
91400	2.6632e-006	0.1433	186.88	1.7	8
91500	2.6161e-006	0.14078	186.89	1.7	8
91600	2.5698e-006	0.13832	186.9	1.7	8
91700	2.5244e-006	0.13589	186.91	1.7	8
91800	2.4797e-006	0.13351	186.93	1.7	8
91900	2.4357e-006	0.13117	186.95	1.7	8
92000	2.3926e-006	0.12887	186.96	1.7	8
92100	2.3501e-006	0.12662	186.98	1.7	8
92200	2.3084e-006	0.1244	187.01	1.7	8
92300	2.2674e-006	0.12222	187.03	1.7	8
92400	2.2272e-006	0.12008	187.06	1.7	8
92500	2.1876e-006	0.11798	187.08	1.7	8
92600	2.1487e-006	0.11591	187.11	1.7	8
92700	2.1105e-006	0.11388	187.15	1.7	8
92800	2.0729e-006	0.11189	187.18	1.7	8
92900	2.036e-006	0.10993	187.21	1.7	8
93000	1.9997e-006	0.10801	187.25	1.7	8
93100	1.9641e-006	0.10612	187.29	1.7	8
93200	1.929e-006	0.10427	187.33	1.7	8
93300	1.8946e-006	0.10244	187.38	1.7	8
93400	1.8608e-006	0.10065	187.42	1.7	8
93500	1.8276e-006	0.098895	187.47	1.7	8
93600	1.7949e-006	0.097168	187.52	1.7	8
93700	1.7628e-006	0.095471	187.57	1.7	8
93800	1.7313e-006	0.093805	187.62	1.7	8
93900	1.7003e-006	0.092168	187.68	1.7	8
94000	1.6699e-006	0.09056	187.74	1.7	8
94100	1.64e-006	0.08898	187.8	1.7	8
94200	1.6106e-006	0.087428	187.86	1.7	8
94300	1.5817e-006	0.085904	187.92	1.7	8
94400	1.5534e-006	0.084407	187.98	1.7	8
94500	1.5255e-006	0.082936	188.05	1.7	8
94600	1.4982e-006	0.081492	188.12	1.7	8
94700	1.4713e-006	0.080073	188.19	1.7	8
94800	1.4449e-006	0.078679	188.27	1.7	8
94900	1.4189e-006	0.07731	188.34	1.7	8
95000	1.3934e-006	0.075966	188.42	1.7	8
95100	1.3684e-006	0.074645	188.5	1.7	8
95200	1.3438e-006	0.073348	188.58	1.7	8
95300	1.3196e-006	0.072073	188.66	1.7	8
95400	1.2958e-006	0.070822	188.75	1.7	8
95500	1.2725e-006	0.069592	188.84	1.7	8
95600	1.2496e-006	0.068385	188.93	1.7	8
95700	1.2271e-006	0.067199	189.02	1.7	8
95800	1.205e-006	0.066033	189.11	1.7	8
95900	1.1833e-006	0.064889	189.21	1.7	8
96000	1.162e-006	0.063765	189.31	1.7	8
96100	1.141e-006	0.062661	189.41	1.7	8
96200	1.1204e-006	0.061577	189.51	1.7	8
96300	1.1002e-006	0.060512	189.61	1.7	8
96400	1.0804e-006	0.059466	189.72	1.7	8
96500	1.0609e-006	0.058439	189.83	1.7	8
96600	1.0418e-006	0.05743	189.94	1.7	8
96700	1.0229e-006	0.056439	190.05	1.7	8
96800	1.0045e-006	0.055465	190.17	1.7	8
96900	9.8634e-007	0.054509	190.28	1.7	8
97000	9.6853e-007	0.05357	190.4	1.7	8
97100	9.5103e-007	0.052648	190.53	1.7	8
97200	9.3386e-007	0.051743	190.65	1.7	8
97300	9.1698e-007	0.050853	190.78	1.7	8
97400	9.0042e-007	0.04998	190.9	1.7	8
97500	8.8415e-007	0.049122	191.04	1.7	8
97600	8.6817e-007	0.048279	191.17	1.7	8
97700	8.5248e-007	0.047452	191.3	1.7	8
97800	8.3707e-007	0.046639	191.44	1.7	8
97900	8.2194e-007	0.045841	191.58	1.7	8
98000	8.0708e-007	0.045057	191.72	1.7	8
98100	7.9249e-007	0.044287	191.87	1.7	8
98200	7.7817e-007	0.04353	192.02	1.7	8
98300	7.641e-007	0.042788	192.16	1.7	8
98400	7.5029e-007	0.042058	192.32	1.7	8
98500	7.3672e-007	0.041342	192.47	1.7	8
98600	7.234e-007	0.040638	192.63	1.7	8
98700	7.1033e-007	0.039947	192.79	1.7	8
98800	6.9749e-007	0.039269	192.95	1.7	8
98900	6.8488e-007	0.038602	193.11	1.7	8
99000	6.725e-007	0.037948	193.28	1.7	8
99100	6.6034e-007	0.037305	193.45	1.7	8
99200	6.4841e-007	0.036673	193.62	1.7	8
99300	6.3669e-007	0.036053	193.79	1.7	8
99400	6.2518e-007	0.035444	193.97	1.7	8
99500	6.1388e-007	0.034846	194.15	1.7	8
99600	6.0279e-007	0.034258	194.33	1.7	8
99700	5.919e-007	0.033681	194.51	1.7	8
99800	5.8121e-007	0.033114	194.7	1.7	8
99900	5.7071e-007	0.032558	194.89	1.7	8
100000	5.6041e-007	0.032011	195.08	1.7	8
101000	4.6954e-007	0.027192	197.16	1.7	8
102000	3.9353e-007	0.023144	199.53	1.7	8
103000	3.2999e-007	0.019742	202.23	1.7	8
104000	2.7688e-007	0.016882	205.31	1.7	8
105000	2.3248e-007	0.014477	208.84	1.7	8
106000	1.9535e-007	0.012454	212.89	1.7	8
107000	1.6426e-007	0.010751	217.63	1.7	8
108000	1.3814e-007	0.0093188	223.29	1.7	8
109000	1.1607e-007	0.0081142	230.33	1.7	8
110000	9.7077e-008	0.0071041	240	1.7	8
111000	8.1113e-008	0.0062614	252	1.7	8
112000	6.8377e-008	0.0055547	264	1.7	8
113000	5.811e-008	0.004957	276	1.7	8
114000	4.9752e-008	0.0044473	288	1.7	8
115000	4.2887e-008	0.0040096	300	1.7	8
116000	3.7202e-008	0.0036313	312	1.7	8
117000	3.2457e-008	0.0033022	324	1.7	8
118000	2.8468e-008	0.0030145	336	1.7	8
119000	2.5094e-008	0.0027616	348	1.7	8
120000	2.2222e-008	0.0025383	360	1.7	8
121000	1.9768e-008	0.0023401	371.89	1.7	8
122000	1.7665e-008	0.0021636	383.55	1.7	8
123000	1.5852e-008	0.0020056	394.99	1.7	8
124000	1.4279e-008	0.0018635	406.22	1.7	8
125000	1.2908e-008	0.0017354	417.23	1.7	8
126000	1.1707e-008	0.0016195	428.04	1.7	8
127000	1.0651e-008	0.0015142	438.64	1.7	8
128000	9.7173e-009	0.0014183	449.04	1.7	8
129000	8.8894e-009	0.0013307	459.25	1.7	8
130000	8.1525e-009	0.0012505	469.27	1.7	8
131000	7.4943e-009	0.0011769	479.09	1.7	8
132000	6.9045e-009	0.0011092	488.74	1.7	8
133000	6.3745e-009	0.0010468	498.2	1.7	8
134000	5.8969e-009	0.00098911	507.48	1.7	8
135000	5.4652e-009	0.00093572	516.59	1.7	8
136000	5.0742e-009	0.00088621	525.53	1.7	8
137000	4.719e-009	0.00084021	534.29	1.7	8
138000	4.3958e-009	0.00079742	542.9	1.7	8
139000	4.1009e-009	0.00075753	551.34	1.7	8
140000	3.8313e-009	0.00072031	559.63	1.7	8
141000	3.5845e-009	0.00068552	567.76	1.7	8
142000	3.3579e-009	0.00065297	575.73	1.7	8
143000	3.1497e-009	0.00062246	583.56	1.7	8
144000	2.9579e-009	0.00059383	591.24	1.7	8
145000	2.7811e-009	0.00056694	598.78	1.7	8
146000	2.6177e-009	0.00054165	606.17	1.7	8
147000	2.4665e-009	0.00051784	613.43	1.7	8
148000	2.3264e-009	0.0004954	620.55	1.7	8
149000	2.1965e-009	0.00047423	627.54	1.7	8
150000	2.0757e-009	0.00045425	634.39	1.7	8
151000	1.9634e-009	0.00043535	641.12	1.7	8
152000	1.8587e-009	0.00041748	647.72	1.7	8
153000	1.7611e-009	0.00040056	654.2	1.7	8
154000	1.67e-009	0.00038453	660.56	1.7	8
155000	1.5849e-009	0.00036932	666.8	1.7	8
156000	1.5052e-009	0.00035489	672.92	1.7	8
157000	1.4306e-009	0.00034118	678.93	1.7	8
158000	1.3606e-009	0.00032815	684.83	1.7	8
159000	1.2949e-009	0.00031576	690.61	1.7	8
160000	1.2332e-009	0.00030397	696.29	1.7	8
161000	1.1752e-009	0.00029273	701.86	1.7	8
162000	1.1207e-009	0.00028203	707.33	1.7	8
163000	1.0692e-009	0.00027182	712.7	1.7	8
164000	1.0208e-009	0.00026209	717.96	1.7	8
165000	9.7507e-010	0.00025279	723.13	1.7	8
166000	9.3191e-010	0.00024391	728.2	1.7	8
167000	8.9113e-010	0.00023542	733.18	1.7	8
168000	8.5257e-010	0.00022731	738.07	1.7	8
169000	8.1609e-010	0.00021955	742.86	1.7	8
170000	7.8155e-010	0.00021212	747.57	1.7	8
171000	7.4882e-010	0.000205	752.18	1.7	8
172000	7.178e-010	0.00019818	756.71	1.7	8
173000	6.8836e-010	0.00019165	761.16	1.7	8
174000	6.6042e-010	0.00018539	765.53	1.7	8
175000	6.3388e-010	0.00017938	769.81	1.7	8
176000	6.0866e-010	0.00017361	774.01	1.7	8
177000	5.8468e-010	0.00016807	778.14	1.7	8
178000	5.6186e-010	0.00016275	782.19	1.7	8
179000	5.4013e-010	0.00015764	786.17	1.7	8
180000	5.1944e-010	0.00015273	790.07	1.7	8
181000	4.9973e-010	0.000148	793.89	1.7	8
182000	4.8093e-010	0.00014346	797.65	1.7	8
183000	4.63e-010	0.00013908	801.34	1.7	8
184000	4.4588e-010	0.00013488	804.96	1.7	8
185000	4.2955e-010	0.00013082	808.51	1.7	8
186000	4.1394e-010	0.00012692	812	1.7	8
187000	3.9902e-010	0.00012316	815.42	1.7	8
188000	3.8477e-010	0.00011953	818.78	1.7	8
189000	3.7113e-010	0.00011604	822.08	1.7	8
190000	3.5808e-010	0.00011267	825.31	1.7	8
191000	3.4559e-010	0.00010941	828.49	1.7	8
192000	3.3363e-010	0.00010628	831.61	1.7	8
193000	3.2217e-010	0.00010325	834.67	1.7	8
194000	3.1119e-010	0.00010032	837.67	1.7	8
195000	3.0066e-010	9.7499e-005	840.62	1.7	8
196000	2.9056e-010	9.4771e-005	843.51	1.7	8
197000	2.8088e-010	9.2135e-005	846.35	1.7	8
198000	2.7158e-010	8.9587e-005	849.14	1.7	8
199000	2.6266e-010	8.7124e-005	851.87	1.7	8
200000	2.5408e-010	8.4743e-005	854.56	1.7	8
201000	2.4585e-010	8.244e-005	857.2	1.7	8
202000	2.3794e-010	8.0211e-005	859.78	1.7	8
203000	2.3033e-010	7.8055e-005	862.32	1.7	8
204000	2.2302e-010	7.5968e-005	864.82	1.7	8
205000	2.1598e-010	7.3948e-005	867.26	1.7	8
206000	2.0921e-010	7.1992e-005	869.67	1.7	8
207000	2.027e-010	7.0098e-005	872.02	1.7	8
208000	1.9643e-010	6.8263e-005	874.34	1.7	8
209000	1.9039e-010	6.6485e-005	876.61	1.7	8
210000	1.8457e-010	6.4762e-005	878.84	1.7	8
211000	1.7897e-010	6.3093e-005	881.03	1.7	8
212000	1.7357e-010	6.1474e-005	883.18	1.7	8
213000	1.6836e-010	5.9904e-005	885.29	1.7	8
214000	1.6334e-010	5.8382e-005	887.36	1.7	8
215000	1.585e-010	5.6906e-005	889.39	1.7	8
216000	1.5382e-010	5.5473e-005	891.39	1.7	8
217000	1.4932e-010	5.4083e-005	893.35	1.7	8
218000	1.4497e-010	5.2734e-005	895.27	1.7	8
219000	1.4077e-010	5.1425e-005	897.16	1.7	8
220000	1.3671e-010	5.0154e-005	899.01	1.7	8
221000	1.3279e-010	4.892e-005	900.83	1.7	8
222000	1.2901e-010	4.7722e-005	902.62	1.7	8
223000	1.2535e-010	4.6558e-005	904.37	1.7	8
224000	1.2182e-010	4.5427e-005	906.09	1.7	8
225000	1.184e-010	4.4328e-005	907.78	1.7	8
226000	1.151e-010	4.326e-005	909.44	1.7	8
227000	1.119e-010	4.2223e-005	911.07	1.7	8
228000	1.0881e-010	4.1214e-005	912.67	1.7	8
229000	1.0582e-010	4.0234e-005	914.24	1.7	8
230000	1.0293e-010	3.928e-005	915.78	1.7	8
231000	1.0013e-010	3.8353e-005	917.29	1.7	8
232000	9.7419e-011	3.7452e-005	918.78	1.7	8
233000	9.4795e-011	3.6575e-005	920.24	1.7	8
234000	9.2254e-011	3.5722e-005	921.67	1.7	8
235000	8.9793e-011	3.4891e-005	923.07	1.7	8
236000	8.7409e-011	3.4084e-005	924.45	1.7	8
237000	8.5099e-011	3.3298e-005	925.81	1.7	8
238000	8.286e-011	3.2532e-005	927.14	1.7	8
239000	8.0691e-011	3.1787e-005	928.44	1.7	8
240000	7.8588e-011	3.1062e-005	929.73	1.7	8
241000	7.6548e-011	3.0356e-005	930.98	1.7	8
242000	7.4571e-011	2.9669e-005	932.22	1.7	8
243000	7.2653e-011	2.8999e-005	933.43	1.7	8
244000	7.0793e-011	2.8347e-005	934.62	1.7	8
245000	6.8988e-011	2.7711e-005	935.79	1.7	8
246000	6.7237e-011	2.7092e-005	936.94	1.7	8
247000	6.5537e-011	2.6489e-005	938.07	1.7	8
248000	6.3888e-011	2.5901e-005	939.18	1.7	8
249000	6.2286e-011	2.5328e-005	940.26	1.7	8
250000	6.0731e-011	2.477e-005	941.33	1.7	8
251000	5.9222e-011	2.4225e-005	942.38	1.7	8
252000	5.7756e-011	2.3695e-005	943.41	1.7	8
253000	5.6331e-011	2.3177e-005	944.42	1.7	8
254000	5.4948e-011	2.2673e-005	945.41	1.7	8
255000	5.3604e-011	2.2181e-005	946.38	1.7	8
256000	5.2298e-011	2.1701e-005	947.34	1.7	8
257000	5.1028e-011	2.1233e-005	948.28	1.7	8
258000	4.9795e-011	2.0776e-005	949.2	1.7	8
259000	4.8595e-011	2.0331e-005	950.1	1.7	8
260000	4.7429e-011	1.9896e-005	950.99	1.7	8
261000	4.6296e-011	1.9472e-005	951.86	1.7	8
262000	4.5193e-011	1.9058e-005	952.72	1.7	8
263000	4.4121e-011	1.8655e-005	953.56	1.7	8
264000	4.3078e-011	1.826e-005	954.39	1.7	8
265000	4.2063e-011	1.7876e-005	955.2	1.7	8
266000	4.1076e-011	1.75e-005	955.99	1.7	8
267000	4.0115e-011	1.7134e-005	956.78	1.7	8
268000	3.918e-011	1.6776e-005	957.54	1.7	8
269000	3.8271e-011	1.6426e-005	958.3	1.7	8
270000	3.7385e-011	1.6085e-005	959.04	1.7	8
271000	3.6523e-011	1.5751e-005	959.77	1.7	8
272000	3.5683e-011	1.5426e-005	960.48	1.7	8
273000	3.4866e-011	1.5108e-005	961.18	1.7	8
274000	3.407e-011	1.4797e-005	961.87	1.7	8
275000	3.3295e-011	1.4493e-005	962.54	1.7	8
276000	3.254e-011	1.4197e-005	963.21	1.7	8
277000	3.1804e-011	1.3907e-005	963.86	1.7	8
278000	3.1088e-011	1.3624e-005	964.5	1.7	8
279000	3.039e-011	1.3348e-005	965.13	1.7	8
280000	2.9709e-011	1.3077e-005	965.75	1.7	8
281000	2.9046e-011	1.2813e-005	966.35	1.7	8
282000	2.84e-011	1.2555e-005	966.95	1.7	8
283000	2.777e-011	1.2302e-005	967.53	1.7	8
284000	2.7157e-011	1.2056e-005	968.11	1.7	8
285000	2.6558e-011	1.1814e-005	968.67	1.7	8
286000	2.5974e-011	1.1578e-005	969.22	1.7	8
287000	2.5405e-011	1.1348e-005	969.77	1.7	8
288000	2.4851e-011	1.1122e-005	970.3	1.7	8
289000	2.4309e-011	1.0902e-005	970.83	1.7	8
290000	2.3782e-011	1.0686e-005	971.34	1.7	8
291000	2.3267e-011	1.0475e-005	971.85	1.7	8
292000	2.2764e-011	1.0269e-005	972.34	1.7	8
293000	2.2274e-011	1.0067e-005	972.83	1.7	8
294000	2.1796e-011	9.8695e-006	973.31	1.7	8
295000	2.133e-011	9.6764e-006	973.78	1.7	8
296000	2.0874e-011	9.4875e-006	974.24	1.7	8
297000	2.043e-011	9.3026e-006	974.7	1.7	8
298000	1.9996e-011	9.1217e-006	975.14	1.7	8
299000	1.9573e-011	8.9447e-006	975.58	1.7	8
300000	1.916e-011	8.7716e-006	976.01	1.7	8
301000	1.8756e-011	8.6021e-006	976.43	1.7	8
302000	1.8362e-011	8.4362e-006	976.84	1.7	8
303000	1.7978e-011	8.2739e-006	977.25	1.7	8
304000	1.7602e-011	8.1149e-006	977.65	1.7	8
305000	1.7236e-011	7.9594e-006	978.04	1.7	8
306000	1.6877e-011	7.8072e-006	978.43	1.7	8
307000	1.6527e-011	7.6581e-006	978.81	1.7	8
308000	1.6186e-011	7.5122e-006	979.18	1.7	8
309000	1.5852e-011	7.3693e-006	979.55	1.7	8
310000	1.5526e-011	7.2294e-006	979.9	1.7	8
311000	1.5207e-011	7.0925e-006	980.26	1.7	8
312000	1.4896e-011	6.9584e-006	980.6	1.7	8
313000	1.4591e-011	6.827e-006	980.94	1.7	8
314000	1.4294e-011	6.6984e-006	981.28	1.7	8
315000	1.4003e-011	6.5724e-006	981.6	1.7	8
316000	1.372e-011	6.4491e-006	981.93	1.7	8
317000	1.3442e-011	6.3282e-006	982.24	1.7	8
318000	1.3171e-011	6.2099e-006	982.55	1.7	8
319000	1.2905e-011	6.094e-006	982.86	1.7	8
320000	1.2646e-011	5.9804e-006	983.16	1.7	8
321000	1.2393e-011	5.8691e-006	983.45	1.7	8
322000	1.2145e-011	5.7601e-006	983.74	1.7	8
323000	1.1902e-011	5.6534e-006	984.03	1.7	8
324000	1.1665e-011	5.5487e-006	984.31	1.7	8
325000	1.1433e-011	5.4462e-006	984.58	1.7	8
326000	1.1207e-011	5.3458e-006	984.85	1.7	8
327000	1.0985e-011	5.2473e-006	985.11	1.7	8
328000	1.0768e-011	5.1509e-006	985.37	1.7	8
329000	1.0556e-011	5.0564e-006	985.63	1.7	8
330000	1.0349e-011	4.9637e-006	985.88	1.7	8
331000	1.0145e-011	4.8729e-006	986.13	1.7	8
332000	9.9469e-012	4.7839e-006	986.37	1.7	8
333000	9.7525e-012	4.6967e-006	986.61	1.7	8
334000	9.5624e-012	4.6112e-006	986.84	1.7	8
335000	9.3763e-012	4.5274e-006	987.07	1.7	8
336000	9.1942e-012	4.4453e-006	987.29	1.7	8
337000	9.016e-012	4.3648e-006	987.51	1.7	8
338000	8.8416e-012	4.2858e-006	987.73	1.7	8
339000	8.6709e-012	4.2084e-006	987.94	1.7	8
340000	8.5039e-012	4.1325e-006	988.15	1.7	8
341000	8.3403e-012	4.0581e-006	988.36	1.7	8
342000	8.1803e-012	3.9852e-006	988.56	1.7	8
343000	8.0235e-012	3.9137e-006	988.76	1.7	8
344000	7.8701e-012	3.8435e-006	988.96	1.7	8
345000	7.7199e-012	3.7748e-006	989.15	1.7	8
346000	7.5728e-012	3.7073e-006	989.34	1.7	8
347000	7.4288e-012	3.6412e-006	989.52	1.7	8
348000	7.2878e-012	3.5763e-006	989.7	1.7	8
349000	7.1497e-012	3.5127e-006	989.88	1.7	8
350000	7.0145e-012	3.4503e-006	990.06	1.7	8
351000	6.882e-012	3.3891e-006	990.23	1.7	8
352000	6.7523e-012	3.3291e-006	990.4	1.7	8
353000	6.6253e-012	3.2702e-006	990.57	1.7	8
354000	6.5009e-012	3.2124e-006	990.73	1.7	8
355000	6.379e-012	3.1558e-006	990.89	1.7	8
356000	6.2596e-012	3.1002e-006	991.05	1.7	8
357000	6.1426e-012	3.0457e-006	991.2	1.7	8
358000	6.028e-012	2.9922e-006	991.35	1.7	8
359000	5.9157e-012	2.9397e-006	991.5	1.7	8
360000	5.8057e-012	2.8883e-006	991.65	1.7	8
361000	5.698e-012	2.8378e-006	991.79	1.7	8
362000	5.5924e-012	2.7882e-006	991.94	1.7	8
363000	5.4889e-012	2.7396e-006	992.08	1.7	8
364000	5.3875e-012	2.6919e-006	992.21	1.7	8
365000	5.2881e-012	2.645e-006	992.35	1.7	8
366000	5.1907e-012	2.5991e-006	992.48	1.7	8
367000	5.0953e-012	2.554e-006	992.61	1.7	8
368000	5.0018e-012	2.5098e-006	992.74	1.7	8
369000	4.9101e-012	2.4664e-006	992.86	1.7	8
370000	4.8202e-012	2.4238e-006	992.98	1.7	8
371000	4.7321e-012	2.3819e-006	993.1	1.7	8
372000	4.6458e-012	2.3409e-006	993.22	1.7	8
373000	4.5611e-012	2.3006e-006	993.34	1.7	8
374000	4.4781e-012	2.2611e-006	993.46	1.7	8
375000	4.3968e-012	2.2223e-006	993.57	1.7	8
376000	4.317e-012	2.1842e-006	993.68	1.7	8
377000	4.2388e-012	2.1468e-006	993.79	1.7	8
378000	4.1622e-012	2.1101e-006	993.89	1.7	8
379000	4.087e-012	2.0741e-006	994	1.7	8
380000	4.0133e-012	2.0387e-006	994.1	1.7	8
381000	3.941e-012	2.004e-006	994.2	1.7	8
382000	3.8701e-012	1.9699e-006	994.3	1.7	8
383000	3.8006e-012	1.9364e-006	994.4	1.7	8
384000	3.7324e-012	1.9036e-006	994.5	1.7	8
385000	3.6656e-012	1.8713e-006	994.59	1.7	8
386000	3.6e-012	1.8397e-006	994.68	1.7	8
387000	3.5357e-012	1.8086e-006	994.78	1.7	8
388000	3.4726e-012	1.7781e-006	994.86	1.7	8
389000	3.4107e-012	1.7481e-006	994.95	1.7	8
390000	3.35e-012	1.7187e-006	995.04	1.7	8
391000	3.2905e-012	1.6898e-006	995.12	1.7	8
392000	3.2321e-012	1.6614e-006	995.21	1.7	8
393000	3.1748e-012	1.6335e-006	995.29	1.7	8
394000	3.1186e-012	1.6062e-006	995.37	1.7	8
395000	3.0635e-012	1.5793e-006	995.45	1.7	8
396000	3.0094e-012	1.5529e-006	995.53	1.7	8
397000	2.9563e-012	1.527e-006	995.6	1.7	8
398000	2.9043e-012	1.5015e-006	995.68	1.7	8
399000	2.8532e-012	1.4765e-006	995.75	1.7	8
400000	2.803e-012	1.452e-006	995.83	1.7	8
401000	2.7539e-012	1.4279e-006	995.9	1.7	8
402000	2.7056e-012	1.4042e-006	995.97	1.7	8
403000	2.6582e-012	1.3809e-006	996.04	1.7	8
404000	2.6118e-012	1.3581e-006	996.1	1.7	8
405000	2.5661e-012	1.3357e-006	996.17	1.7	8
406000	2.5214e-012	1.3136e-006	996.23	1.7	8
407000	2.4775e-012	1.292e-006	996.3	1.7	8
408000	2.4343e-012	1.2707e-006	996.36	1.7	8
409000	2.392e-012	1.2498e-006	996.42	1.7	8
410000	2.3505e-012	1.2293e-006	996.49	1.7	8
411000	2.3097e-012	1.2091e-006	996.54	1.7	8
412000	2.2697e-012	1.1893e-006	996.6	1.7	8
413000	2.2304e-012	1.1699e-006	996.66	1.7	8
414000	2.1919e-012	1.1507e-006	996.72	1.7	8
415000	2.1541e-012	1.132e-006	996.77	1.7	8
416000	2.1169e-012	1.1135e-006	996.83	1.7	8
417000	2.0804e-012	1.0954e-006	996.88	1.7	8
418000	2.0446e-012	1.0776e-006	996.94	1.7	8
419000	2.0095e-012	1.0601e-006	996.99	1.7	8
420000	1.975e-012	1.0429e-006	997.04	1.7	8
421000	1.9411e-012	1.026e-006	997.09	1.7	8
422000	1.9079e-012	1.0094e-006	997.14	1.7	8
423000	1.8752e-012	9.931e-007	997.19	1.7	8
424000	1.8432e-012	9.7707e-007	997.24	1.7	8
425000	1.8117e-012	9.6133e-007	997.28	1.7	8
426000	1.7808e-012	9.4585e-007	997.33	1.7	8
427000	1.7504e-012	9.3065e-007	997.37	1.7	8
428000	1.7206e-012	9.1571e-007	997.42	1.7	8
429000	1.6914e-012	9.0102e-007	997.46	1.7	8
430000	1.6626e-012	8.866e-007	997.5	1.7	8
431000	1.6344e-012	8.7242e-007	997.55	1.7	8
432000	1.6067e-012	8.5848e-007	997.59	1.7	8
433000	1.5795e-012	8.4479e-007	997.63	1.7	8
434000	1.5528e-012	8.3133e-007	997.67	1.7	8
435000	1.5265e-012	8.181e-007	997.71	1.7	8
436000	1.5008e-012	8.051e-007	997.75	1.7	8
437000	1.4754e-012	7.9232e-007	997.79	1.7	8
438000	1.4506e-012	7.7976e-007	997.82	1.7	8
439000	1.4262e-012	7.6742e-007	997.86	1.7	8
440000	1.4022e-012	7.5529e-007	997.9	1.7	8
441000	1.3786e-012	7.4337e-007	997.93	1.7	8
442000	1.3555e-012	7.3165e-007	997.97	1.7	8
443000	1.3327e-012	7.2013e-007	998	1.7	8
444000	1.3104e-012	7.088e-007	998.03	1.7	8
445000	1.2885e-012	6.9767e-007	998.07	1.7	8
446000	1.2669e-012	6.8673e-007	998.1	1.7	8
447000	1.2458e-012	6.7597e-007	998.13	1.7	8
448000	1.225e-012	6.654e-007	998.16	1.7	8
449000	1.2046e-012	6.5501e-007	998.19	1.7	8
450000	1.1845e-012	6.4479e-007	998.22	1.7	8
451000	1.1648e-012	6.3474e-007	998.25	1.7	8
452000	1.1454e-012	6.2487e-007	998.28	1.7	8
453000	1.1264e-012	6.1516e-007	998.31	1.7	8
454000	1.1077e-012	6.0562e-007	998.34	1.7	8
455000	1.0894e-012	5.9624e-007	998.37	1.7	8
456000	1.0713e-012	5.8701e-007	998.4	1.7	8
457000	1.0536e-012	5.7794e-007	998.42	1.7	8
458000	1.0362e-012	5.6903e-007	998.45	1.7	8
459000	1.0191e-012	5.6026e-007	998.48	1.7	8
460000	1.0023e-012	5.5164e-007	998.5	1.7	8
461000	9.8573e-013	5.4317e-007	998.53	1.7	8
462000	9.695e-013	5.3483e-007	998.55	1.7	8
463000	9.5355e-013	5.2664e-007	998.58	1.7	8
464000	9.3787e-013	5.1858e-007	998.6	1.7	8
465000	9.2247e-013	5.1066e-007	998.62	1.7	8
466000	9.0733e-013	5.0287e-007	998.65	1.7	8
467000	8.9246e-013	4.9522e-007	998.67	1.7	8
468000	8.7784e-013	4.8768e-007	998.69	1.7	8
469000	8.6348e-013	4.8028e-007	998.71	1.7	8
470000	8.4936e-013	4.73e-007	998.73	1.7	8
471000	8.3549e-013	4.6583e-007	998.76	1.7	8
472000	8.2185e-013	4.5879e-007	998.78	1.7	8
473000	8.0845e-013	4.5187e-007	998.8	1.7	8
474000	7.9528e-013	4.4506e-007	998.82	1.7	8
475000	7.8234e-013	4.3836e-007	998.84	1.7	8
476000	7.6962e-013	4.3177e-007	998.86	1.7	8
477000	7.5712e-013	4.2529e-007	998.88	1.7	8
478000	7.4483e-013	4.1892e-007	998.89	1.7	8
479000	7.3275e-013	4.1266e-007	998.91	1.7	8
480000	7.2088e-013	4.0649e-007	998.93	1.7	8
481000	7.0921e-013	4.0043e-007	998.95	1.7	8
482000	6.9774e-013	3.9447e-007	998.97	1.7	8
483000	6.8647e-013	3.8861e-007	998.98	1.7	8
484000	6.7539e-013	3.8284e-007	999	1.7	8
485000	6.645e-013	3.7717e-007	999.02	1.7	8
486000	6.5379e-013	3.7159e-007	999.03	1.7	8
487000	6.4326e-013	3.661e-007	999.05	1.7	8
488000	6.3292e-013	3.6071e-007	999.07	1.7	8
489000	6.2275e-013	3.554e-007	999.08	1.7	8
490000	6.1275e-013	3.5018e-007	999.1	1.7	8
491000	6.0292e-013	3.4504e-007	999.11	1.7	8
492000	5.9326e-013	3.3999e-007	999.13	1.7	8
493000	5.8376e-013	3.3501e-007	999.14	1.7	8
494000	5.7442e-013	3.3012e-007	999.15	1.7	8
495000	5.6524e-013	3.2531e-007	999.17	1.7	8
496000	5.5621e-013	3.2058e-007	999.18	1.7	8
497000	5.4734e-013	3.1593e-007	999.2	1.7	8
498000	5.3861e-013	3.1135e-007	999.21	1.7	8
499000	5.3004e-013	3.0684e-007	999.22	1.7	8
500000	5.216e-013	3.0241e-007	999.24	1.7	8
501000	5.1331e-013	2.9805e-007	999.25	1.7	8
502000	5.0516e-013	2.9376e-007	999.26	1.7	8
503000	4.9715e-013	2.8954e-007	999.27	1.7	8
504000	4.8926e-013	2.8539e-007	999.29	1.7	8
505000	4.8152e-013	2.813e-007	999.3	1.7	8
506000	4.739e-013	2.7728e-007	999.31	1.7	8
507000	4.664e-013	2.7333e-007	999.32	1.7	8
508000	4.5904e-013	2.6944e-007	999.33	1.7	8
509000	4.518e-013	2.6561e-007	999.34	1.7	8
510000	4.4467e-013	2.6184e-007	999.35	1.7	8
511000	4.3767e-013	2.5813e-007	999.36	1.7	8
512000	4.3078e-013	2.5448e-007	999.37	1.7	8
513000	4.2401e-013	2.509e-007	999.38	1.7	8
514000	4.1735e-013	2.4736e-007	999.39	1.7	8
515000	4.108e-013	2.4389e-007	999.4	1.7	8
516000	4.0436e-013	2.4047e-007	999.41	1.7	8
517000	3.9803e-013	2.371e-007	999.42	1.7	8
518000	3.918e-013	2.3379e-007	999.43	1.7	8
519000	3.8568e-013	2.3053e-007	999.44	1.7	8
520000	3.7965e-013	2.2733e-007	999.45	1.7	8
521000	3.7373e-013	2.2417e-007	999.46	1.7	8
522000	3.679e-013	2.2107e-007	999.47	1.7	8
523000	3.6217e-013	2.1801e-007	999.48	1.7	8
524000	3.5654e-013	2.15e-007	999.49	1.7	8
525000	3.51e-013	2.1204e-007	999.5	1.7	8
526000	3.4555e-013	2.0913e-007	999.5	1.7	8
527000	3.4019e-013	2.0626e-007	999.51	1.7	8
528000	3.3492e-013	2.0344e-007	999.52	1.7	8
529000	3.2973e-013	2.0066e-007	999.53	1.7	8
530000	3.2463e-013	1.9793e-007	999.54	1.7	8
531000	3.1961e-013	1.9524e-007	999.54	1.7	8
532000	3.1468e-013	1.9259e-007	999.55	1.7	8
533000	3.0983e-013	1.8998e-007	999.56	1.7	8
534000	3.0505e-013	1.8741e-007	999.57	1.7	8
535000	3.0036e-013	1.8489e-007	999.57	1.7	8
536000	2.9574e-013	1.824e-007	999.58	1.7	8
537000	2.912e-013	1.7995e-007	999.59	1.7	8
538000	2.8673e-013	1.7755e-007	999.59	1.7	8
539000	2.8234e-013	1.7517e-007	999.6	1.7	8
540000	2.7801e-013	1.7284e-007	999.61	1.7	8
541000	2.7376e-013	1.7054e-007	999.61	1.7	8
542000	2.6958e-013	1.6828e-007	999.62	1.7	8
543000	2.6546e-013	1.6605e-007	999.63	1.7	8
544000	2.6141e-013	1.6386e-007	999.63	1.7	8
545000	2.5743e-013	1.617e-007	999.64	1.7	8
546000	2.5351e-013	1.5958e-007	999.64	1.7	8
547000	2.4966e-013	1.5749e-007	999.65	1.7	8
548000	2.4587e-013	1.5543e-007	999.66	1.7	8
549000	2.4214e-013	1.534e-007	999.66	1.7	8
550000	2.3847e-013	1.514e-007	999.67	1.7	8
551000	2.3486e-013	1.4944e-007	999.67	1.7	8
552000	2.3131e-013	1.475e-007	999.68	1.7	8
553000	2.2781e-013	1.456e-007	999.68	1.7	8
554000	2.2438e-013	1.4372e-007	999.69	1.7	8
555000	2.21e-013	1.4187e-007	999.69	1.7	8
556000	2.1767e-013	1.4005e-007	999.7	1.7	8
557000	2.144e-013	1.3826e-007	999.7	1.7	8
558000	2.1117e-013	1.365e-007	999.71	1.7	8
559000	2.0801e-013	1.3476e-007	999.71	1.7	8
560000	2.0489e-013	1.3305e-007	999.72	1.7	8
561000	2.0182e-013	1.3137e-007	999.72	1.7	8
562000	1.988e-013	1.2971e-007	999.73	1.7	8
563000	1.9583e-013	1.2808e-007	999.73	1.7	8
564000	1.9291e-013	1.2647e-007	999.74	1.7	8
565000	1.9004e-013	1.2488e-007	999.74	1.7	8
566000	1.8721e-013	1.2332e-007	999.74	1.7	8
567000	1.8443e-013	1.2179e-007	999.75	1.7	8
568000	1.8169e-013	1.2028e-007	999.75	1.7	8
569000	1.7899e-013	1.1879e-007	999.76	1.7	8
570000	1.7634e-013	1.1732e-007	999.76	1.7	8
571000	1.7373e-013	1.1587e-007	999.76	1.7	8
572000	1.7116e-013	1.1445e-007	999.77	1.7	8
573000	1.6864e-013	1.1305e-007	999.77	1.7	8
574000	1.6615e-013	1.1167e-007	999.78	1.7	8
575000	1.6371e-013	1.1031e-007	999.78	1.7	8
576000	1.613e-013	1.0897e-007	999.78	1.7	8
577000	1.5893e-013	1.0765e-007	999.79	1.7	8
578000	1.566e-013	1.0635e-007	999.79	1.7	8
579000	1.543e-013	1.0506e-007	999.79	1.7	8
580000	1.5204e-013	1.038e-007	999.8	1.7	8
581000	1.4982e-013	1.0256e-007	999.8	1.7	8
582000	1.4764e-013	1.0134e-007	999.8	1.7	8
583000	1.4548e-013	1.0013e-007	999.81	1.7	8
584000	1.4337e-013	9.8942e-008	999.81	1.7	8
585000	1.4128e-013	9.7772e-008	999.81	1.7	8
586000	1.3923e-013	9.6618e-008	999.82	1.7	8
587000	1.3721e-013	9.5482e-008	999.82	1.7	8
588000	1.3522e-013	9.4363e-008	999.82	1.7	8
589000	1.3327e-013	9.326e-008	999.82	1.7	8
590000	1.3134e-013	9.2174e-008	999.83	1.7	8
591000	1.2945e-013	9.1103e-008	999.83	1.7	8
592000	1.2759e-013	9.0048e-008	999.83	1.7	8
593000	1.2575e-013	8.9009e-008	999.84	1.7	8
594000	1.2394e-013	8.7985e-008	999.84	1.7	8
595000	1.2217e-013	8.6976e-008	999.84	1.7	8
596000	1.2042e-013	8.5981e-008	999.84	1.7	8
597000	1.1869e-013	8.5001e-008	999.85	1.7	8
598000	1.17e-013	8.4036e-008	999.85	1.7	8
599000	1.1533e-013	8.3084e-008	999.85	1.7	8
600000	1.1369e-013	8.2147e-008	999.85	1.7	8
601000	1.1207e-013	8.1223e-008	999.86	1.7	8
602000	1.1048e-013	8.0312e-008	999.86	1.7	8
603000	1.0891e-013	7.9414e-008	999.86	1.7	8
604000	1.0737e-013	7.853e-008	999.86	1.7	8
605000	1.0585e-013	7.7658e-008	999.86	1.7	8
606000	1.0436e-013	7.6799e-008	999.87	1.7	8
607000	1.0289e-013	7.5952e-008	999.87	1.7	8
608000	1.0144e-013	7.5117e-008	999.87	1.7	8
609000	1.0001e-013	7.4295e-008	999.87	1.7	8
610000	9.861e-014	7.3484e-008	999.88	1.7	8
611000	9.7229e-014	7.2684e-008	999.88	1.7	8
612000	9.5869e-014	7.1897e-008	999.88	1.7	8
613000	9.453e-014	7.112e-008	999.88	1.7	8
614000	9.3212e-014	7.0354e-008	999.88	1.7	8
615000	9.1914e-014	6.96e-008	999.88	1.7	8
616000	9.0637e-014	6.8856e-008	999.89	1.7	8
617000	8.9379e-014	6.8122e-008	999.89	1.7	8
618000	8.814e-014	6.7399e-008	999.89	1.7	8
619000	8.6921e-014	6.6686e-008	999.89	1.7	8
620000	8.5721e-014	6.5983e-008	999.89	1.7	8
621000	8.4539e-014	6.529e-008	999.9	1.7	8
622000	8.3376e-014	6.4607e-008	999.9	1.7	8
623000	8.223e-014	6.3934e-008	999.9	1.7	8
624000	8.1102e-014	6.3269e-008	999.9	1.7	8
625000	7.9992e-014	6.2615e-008	999.9	1.7	8
626000	7.8898e-014	6.1969e-008	999.9	1.7	8
627000	7.7822e-014	6.1332e-008	999.91	1.7	8
628000	7.6762e-014	6.0704e-008	999.91	1.7	8
629000	7.5718e-014	6.0085e-008	999.91	1.7	8
630000	7.469e-014	5.9475e-008	999.91	1.7	8
631000	7.3678e-014	5.8872e-008	999.91	1.7	8
632000	7.2681e-014	5.8279e-008	999.91	1.7	8
633000	7.17e-014	5.7693e-008	999.91	1.7	8
634000	7.0733e-014	5.7116e-008	999.92	1.7	8
635000	6.9782e-014	5.6546e-008	999.92	1.7	8
636000	6.8845e-014	5.5984e-008	999.92	1.7	8
637000	6.7922e-014	5.543e-008	999.92	1.7	8
638000	6.7013e-014	5.4884e-008	999.92	1.7	8
639000	6.6118e-014	5.4345e-008	999.92	1.7	8
640000	6.5237e-014	5.3813e-008	999.92	1.7	8
641000	6.4369e-014	5.3288e-008	999.92	1.7	8
642000	6.3515e-014	5.2771e-008	999.93	1.7	8
643000	6.2673e-014	5.2261e-008	999.93	1.7	8
644000	6.1844e-014	5.1757e-008	999.93	1.7	8
645000	6.1028e-014	5.1261e-008	999.93	1.7	8
646000	6.0224e-014	5.0771e-008	999.93	1.7	8
647000	5.9432e-014	5.0287e-008	999.93	1.7	8
648000	5.8652e-014	4.981e-008	999.93	1.7	8
649000	5.7884e-014	4.934e-008	999.93	1.7	8
650000	5.7127e-014	4.8876e-008	999.93	1.7	8
651000	5.6382e-014	4.8418e-008	999.94	1.7	8
652000	5.5648e-014	4.7966e-008	999.94	1.7	8
653000	5.4925e-014	4.752e-008	999.94	1.7	8
654000	5.4213e-014	4.708e-008	999.94	1.7	8
655000	5.3512e-014	4.6646e-008	999.94	1.7	8
656000	5.2821e-014	4.6217e-008	999.94	1.7	8
657000	5.2141e-014	4.5794e-008	999.94	1.7	8
658000	5.1471e-014	4.5377e-008	999.94	1.7	8
659000	5.0811e-014	4.4965e-008	999.94	1.7	8
660000	5.016e-014	4.4559e-008	999.94	1.7	8
661000	4.952e-014	4.4158e-008	999.94	1.7	8
662000	4.8889e-014	4.3762e-008	999.95	1.7	8
663000	4.8267e-014	4.3371e-008	999.95	1.7	8
664000	4.7655e-014	4.2986e-008	999.95	1.7	8
665000	4.7052e-014	4.2605e-008	999.95	1.7	8
666000	4.6457e-014	4.2229e-008	999.95	1.7	8
667000	4.5872e-014	4.1859e-008	999.95	1.7	8
668000	4.5295e-014	4.1493e-008	999.95	1.7	8
669000	4.4727e-014	4.1131e-008	999.95	1.7	8
670000	4.4167e-014	4.0774e-008	999.95	1.7	8
671000	4.3616e-014	4.0422e-008	999.95	1.7	8
672000	4.3072e-014	4.0074e-008	999.95	1.7	8
673000	4.2537e-014	3.9731e-008	999.95	1.7	8
674000	4.201e-014	3.9392e-008	999.96	1.7	8
675000	4.149e-014	3.9058e-008	999.96	1.7	8
676000	4.0978e-014	3.8727e-008	999.96	1.7	8
677000	4.0474e-014	3.8401e-008	999.96	1.7	8
678000	3.9977e-014	3.8079e-008	999.96	1.7	8
679000	3.9487e-014	3.7761e-008	999.96	1.7	8
680000	3.9004e-014	3.7447e-008	999.96	1.7	8
681000	3.8529e-014	3.7136e-008	999.96	1.7	8
682000	3.806e-014	3.683e-008	999.96	1.7	8
683000	3.7599e-014	3.6528e-008	999.96	1.7	8
684000	3.7144e-014	3.6229e-008	999.96	1.7	8
685000	3.6696e-014	3.5934e-008	999.96	1.7	8
686000	3.6254e-014	3.5642e-008	999.96	1.7	8
687000	3.5819e-014	3.5354e-008	999.96	1.7	8
688000	3.539e-014	3.507e-008	999.96	1.7	8
689000	3.4967e-014	3.4789e-008	999.96	1.7	8
690000	3.455e-014	3.4512e-008	999.97	1.7	8
691000	3.414e-014	3.4238e-008	999.97	1.7	8
692000	3.3735e-014	3.3967e-008	999.97	1.7	8
693000	3.3336e-014	3.37e-008	999.97	1.7	8
694000	3.2943e-014	3.3436e-008	999.97	1.7	8
695000	3.2556e-014	3.3175e-008	999.97	1.7	8
696000	3.2174e-014	3.2917e-008	999.97	1.7	8
697000	3.1798e-014	3.2662e-008	999.97	1.7	8
698000	3.1427e-014	3.241e-008	999.97	1.7	8
699000	3.1062e-014	3.2161e-008	999.97	1.7	8
700000	3.0702e-014	3.1916e-008	999.97	1.7	8
701000	3.0347e-014	3.1673e-008	999.97	1.7	8
702000	2.9997e-014	3.1433e-008	999.97	1.7	8
703000	2.9652e-014	3.1196e-008	999.97	1.7	8
704000	2.9311e-014	3.0961e-008	999.97	1.7	8
705000	2.8976e-014	3.073e-008	999.97	1.7	8
706000	2.8646e-014	3.0501e-008	999.97	1.7	8
707000	2.832e-014	3.0275e-008	999.97	1.7	8
708000	2.7999e-014	3.0051e-008	999.97	1.7	8
709000	2.7683e-014	2.983e-008	999.97	1.7	8
710000	2.737e-014	2.9611e-008	999.97	1.7	8
711000	2.7063e-014	2.9396e-008	999.98	1.7	8
712000	2.676e-014	2.9182e-008	999.98	1.7	8
713000	2.6461e-014	2.8971e-008	999.98	1.7	8
714000	2.6166e-014	2.8763e-008	999.98	1.7	8
715000	2.5875e-014	2.8556e-008	999.98	1.7	8
716000	2.5589e-014	2.8352e-008	999.98	1.7	8
717000	2.5306e-014	2.8151e-008	999.98	1.7	8
718000	2.5028e-014	2.7952e-008	999.98	1.7	8
719000	2.4753e-014	2.7755e-008	999.98	1.7	8
720000	2.4482e-014	2.756e-008	999.98	1.7	8
721000	2.4215e-014	2.7367e-008	999.98	1.7	8
722000	2.3952e-014	2.7177e-008	999.98	1.7	8
723000	2.3692e-014	2.6988e-008	999.98	1.7	8
724000	2.3436e-014	2.6802e-008	999.98	1.7	8
725000	2.3184e-014	2.6618e-008	999.98	1.7	8
726000	2.2935e-014	2.6436e-008	999.98	1.7	8
727000	2.269e-014	2.6255e-008	999.98	1.7	8
728000	2.2448e-014	2.6077e-008	999.98	1.7	8
729000	2.2209e-014	2.5901e-008	999.98	1.7	8
730000	2.1974e-014	2.5727e-008	999.98	1.7	8
731000	2.1741e-014	2.5554e-008	999.98	1.7	8
732000	2.1512e-014	2.5384e-008	999.98	1.7	8
733000	2.1287e-014	2.5215e-008	999.98	1.7	8
734000	2.1064e-014	2.5048e-008	999.98	1.7	8
735000	2.0844e-014	2.4883e-008	999.98	1.7	8
736000	2.0628e-014	2.472e-008	999.98	1.7	8
737000	2.0414e-014	2.4558e-008	999.98	1.7	8
738000	2.0203e-014	2.4398e-008	999.98	1.7	8
739000	1.9995e-014	2.424e-008	999.98	1.7	8
740000	1.979e-014	2.4083e-008	999.98	1.7	8
741000	1.9588e-014	2.3928e-008	999.98	1.7	8
742000	1.9388e-014	2.3775e-008	999.98	1.7	8
743000	1.9191e-014	2.3623e-008	999.98	1.7	8
744000	1.8997e-014	2.3473e-008	999.99	1.7	8
745000	1.8806e-014	2.3325e-008	999.99	1.7	8
746000	1.8617e-014	2.3178e-008	999.99	1.7	8
747000	1.843e-014	2.3032e-008	999.99	1.7	8
748000	1.8246e-014	2.2888e-008	999.99	1.7	8
749000	1.8065e-014	2.2746e-008	999.99	1.7	8
750000	1.7886e-014	2.2605e-008	999.99	1.7	8
751000	1.7709e-014	2.2465e-008	999.99	1.7	8
752000	1.7535e-014	2.2327e-008	999.99	1.7	8
753000	1.7363e-014	2.219e-008	999.99	1.7	8
754000	1.7193e-014	2.2055e-008	999.99	1.7	8
755000	1.7026e-014	2.1921e-008	999.99	1.7	8
756000	1.6861e-014	2.1788e-008	999.99	1.7	8
757000	1.6698e-014	2.1657e-008	999.99	1.7	8
758000	1.6537e-014	2.1527e-008	999.99	1.7	8
759000	1.6378e-014	2.1398e-008	999.99	1.7	8
760000	1.6222e-014	2.127e-008	999.99	1.7	8
761000	1.6067e-014	2.1144e-008	999.99	1.7	8
762000	1.5914e-014	2.1019e-008	999.99	1.7	8
763000	1.5764e-014	2.0895e-008	999.99	1.7	8
764000	1.5615e-014	2.0772e-008	999.99	1.7	8
765000	1.5469e-014	2.0651e-008	999.99	1.7	8
766000	1.5324e-014	2.0531e-008	999.99	1.7	8
767000	1.5181e-014	2.0411e-008	999.99	1.7	8
768000	1.504e-014	2.0294e-008	999.99	1.7	8
769000	1.4901e-014	2.0177e-008	999.99	1.7	8
770000	1.4764e-014	2.0061e-008	999.99	1.7	8
771000	1.4628e-014	1.9946e-008	999.99	1.7	8
772000	1.4494e-014	1.9833e-008	999.99	1.7	8
773000	1.4362e-014	1.972e-008	999.99	1.7	8
774000	1.4232e-014	1.9609e-008	999.99	1.7	8
775000	1.4103e-014	1.9498e-008	999.99	1.7	8
776000	1.3976e-014	1.9389e-008	999.99	1.7	8
777000	1.385e-014	1.9281e-008	999.99	1.7	8
778000	1.3726e-014	1.9173e-008	999.99	1.7	8
779000	1.3604e-014	1.9067e-008	999.99	1.7	8
780000	1.3483e-014	1.8962e-008	999.99	1.7	8
781000	1.3364e-014	1.8857e-008	999.99	1.7	8
782000	1.3246e-014	1.8754e-008	999.99	1.7	8
783000	1.313e-014	1.8651e-008	999.99	1.7	8
784000	1.3015e-014	1.855e-008	999.99	1.7	8
785000	1.2902e-014	1.8449e-008	999.99	1.7	8
786000	1.279e-014	1.8349e-008	999.99	1.7	8
787000	1.2679e-014	1.825e-008	999.99	1.7	8
788000	1.257e-014	1.8152e-008	999.99	1.7	8
789000	1.2463e-014	1.8055e-008	999.99	1.7	8
790000	1.2356e-014	1.7959e-008	999.99	1.7	8
791000	1.2251e-014	1.7863e-008	999.99	1.7	8
792000	1.2147e-014	1.7769e-008	999.99	1.7	8
793000	1.2045e-014	1.7675e-008	999.99	1.7	8
794000	1.1943e-014	1.7582e-008	999.99	1.7	8
795000	1.1843e-014	1.749e-008	999.99	1.7	8
796000	1.1745e-014	1.7398e-008	999.99	1.7	8
797000	1.1647e-014	1.7308e-008	999.99	1.7	8
798000	1.1551e-014	1.7218e-008	999.99	1.7	8
799000	1.1455e-014	1.7129e-008	999.99	1.7	8
800000	1.1361e-014	1.7041e-008	999.99	1.7	8
801000	1.1268e-014	1.6953e-008	999.99	1.7	8
802000	1.1176e-014	1.6866e-008	999.99	1.7	8
803000	1.1086e-014	1.678e-008	999.99	1.7	8
804000	1.0996e-014	1.6695e-008	999.99	1.7	8
805000	1.0908e-014	1.661e-008	999.99	1.7	8
806000	1.082e-014	1.6527e-008	999.99	1.7	8
807000	1.0734e-014	1.6443e-008	999.99	1.7	8
808000	1.0648e-014	1.6361e-008	999.99	1.7	8
809000	1.0564e-014	1.6279e-008	999.99	1.7	8
810000	1.0481e-014	1.6198e-008	999.99	1.7	8
811000	1.0398e-014	1.6117e-008	999.99	1.7	8
812000	1.0317e-014	1.6037e-008	999.99	1.7	8
813000	1.0236e-014	1.5958e-008	999.99	1.7	8
814000	1.0157e-014	1.5879e-008	999.99	1.7	8
815000	1.0078e-014	1.5802e-008	1000	1.7	8
816000	1.0001e-014	1.5724e-008	1000	1.7	8
817000	9.924e-015	1.5647e-008	1000	1.7	8
818000	9.8481e-015	1.5571e-008	1000	1.7	8
819000	9.7732e-015	1.5496e-008	1000	1.7	8
820000	9.6991e-015	1.5421e-008	1000	1.7	8
821000	9.6258e-015	1.5347e-008	1000	1.7	8
822000	9.5535e-015	1.5273e-008	1000	1.7	8
823000	9.4819e-015	1.52e-008	1000	1.7	8
824000	9.4111e-015	1.5127e-008	1000	1.7	8
825000	9.3412e-015	1.5055e-008	1000	1.7	8
826000	9.2721e-015	1.4984e-008	1000	1.7	8
827000	9.2037e-015	1.4913e-008	1000	1.7	8
828000	9.1362e-015	1.4842e-008	1000	1.7	8
829000	9.0694e-015	1.4772e-008	1000	1.7	8
830000	9.0033e-015	1.4703e-008	1000	1.7	8
831000	8.938e-015	1.4634e-008	1000	1.7	8
832000	8.8734e-015	1.4566e-008	1000	1.7	8
833000	8.8096e-015	1.4498e-008	1000	1.7	8
834000	8.7464e-015	1.4431e-008	1000	1.7	8
835000	8.684e-015	1.4364e-008	1000	1.7	8
836000	8.6222e-015	1.4298e-008	1000	1.7	8
837000	8.5612e-015	1.4232e-008	1000	1.7	8
838000	8.5008e-015	1.4167e-008	1000	1.7	8
839000	8.4411e-015	1.4102e-008	1000	1.7	8
840000	8.382e-015	1.4037e-008	1000	1.7	8
841000	8.3236e-015	1.3974e-008	1000	1.7	8
842000	8.2658e-015	1.391e-008	1000	1.7	8
843000	8.2087e-015	1.3847e-008	1000	1.7	8
844000	8.1521e-015	1.3785e-008	1000	1.7	8
845000	8.0962e-015	1.3722e-008	1000	1.7	8
846000	8.0409e-015	1.3661e-008	1000	1.7	8
847000	7.9862e-015	1.36e-008	1000	1.7	8
848000	7.9321e-015	1.3539e-008	1000	1.7	8
849000	7.8785e-015	1.3479e-008	1000	1.7	8
850000	7.8255e-015	1.3419e-008	1000	1.7	8
851000	7.7731e-015	1.3359e-008	1000	1.7	8
852000	7.7213e-015	1.33e-008	1000	1.7	8
853000	7.67e-015	1.3241e-008	1000	1.7	8
854000	7.6192e-015	1.3183e-008	1000	1.7	8
855000	7.5689e-015	1.3125e-008	1000	1.7	8
856000	7.5192e-015	1.3068e-008	1000	1.7	8
857000	7.47e-015	1.3011e-008	1000	1.7	8
858000	7.4214e-015	1.2954e-008	1000	1.7	8
859000	7.3732e-015	1.2898e-008	1000	1.7	8
860000	7.3255e-015	1.2842e-008	1000	1.7	8
861000	7.2783e-015	1.2786e-008	1000	1.7	8
862000	7.2317e-015	1.2731e-008	1000	1.7	8
863000	7.1854e-015	1.2676e-008	1000	1.7	8
864000	7.1397e-015	1.2622e-008	1000	1.7	8
865000	7.0944e-015	1.2568e-008	1000	1.7	8
866000	7.0496e-015	1.2514e-008	1000	1.7	8
867000	7.0052e-015	1.2461e-008	1000	1.7	8
868000	6.9613e-015	1.2408e-008	1000	1.7	8
869000	6.9178e-015	1.2355e-008	1000	1.7	8
870000	6.8748e-015	1.2303e-008	1000	1.7	8
871000	6.8322e-015	1.2251e-008	1000	1.7	8
872000	6.79e-015	1.2199e-008	1000	1.7	8
873000	6.7483e-015	1.2148e-008	1000	1.7	8
874000	6.7069e-015	1.2097e-008	1000	1.7	8
875000	6.666e-015	1.2046e-008	1000	1.7	8
876000	6.6254e-015	1.1996e-008	1000	1.7	8
877000	6.5853e-015	1.1946e-008	1000	1.7	8
878000	6.5455e-015	1.1896e-008	1000	1.7	8
879000	6.5062e-015	1.1846e-008	1000	1.7	8
880000	6.4672e-015	1.1797e-008	1000	1.7	8
881000	6.4286e-015	1.1749e-008	1000	1.7	8
882000	6.3904e-015	1.17e-008	1000	1.7	8
883000	6.3525e-015	1.1652e-008	1000	1.7	8
884000	6.315e-015	1.1604e-008	1000	1.7	8
885000	6.2779e-015	1.1556e-008	1000	1.7	8
886000	6.2411e-015	1.1509e-008	1000	1.7	8
887000	6.2047e-015	1.1462e-008	1000	1.7	8
888000	6.1686e-015	1.1415e-008	1000	1.7	8
889000	6.1328e-015	1.1369e-008	1000	1.7	8
890000	6.0974e-015	1.1323e-008	1000	1.7	8
891000	6.0623e-015	1.1277e-008	1000	1.7	8
892000	6.0276e-015	1.1231e-008	1000	1.7	8
893000	5.9931e-015	1.1186e-008	1000	1.7	8
894000	5.959e-015	1.1141e-008	1000	1.7	8
895000	5.9252e-015	1.1096e-008	1000	1.7	8
896000	5.8917e-015	1.1052e-008	1000	1.7	8
897000	5.8585e-015	1.1007e-008	1000	1.7	8
898000	5.8256e-015	1.0963e-008	1000	1.7	8
899000	5.7931e-015	1.092e-008	1000	1.7	8
900000	5.7608e-015	1.0876e-008	1000	1.7	8
901000	5.7288e-015	1.0833e-008	1000	1.7	8
902000	5.6971e-015	1.079e-008	1000	1.7	8
903000	5.6657e-015	1.0747e-008	1000	1.7	8
904000	5.6345e-015	1.0705e-008	1000	1.7	8
905000	5.6037e-015	1.0663e-008	1000	1.7	8
906000	5.5731e-015	1.0621e-008	1000	1.7	8
907000	5.5428e-015	1.0579e-008	1000	1.7	8
908000	5.5127e-015	1.0537e-008	1000	1.7	8
909000	5.4829e-015	1.0496e-008	1000	1.7	8
910000	5.4534e-015	1.0455e-008	1000	1.7	8
911000	5.4241e-015	1.0414e-008	1000	1.7	8
912000	5.3951e-015	1.0374e-008	1000	1.7	8
913000	5.3664e-015	1.0333e-008	1000	1.7	8
914000	5.3379e-015	1.0293e-008	1000	1.7	8
915000	5.3096e-015	1.0253e-008	1000	1.7	8
916000	5.2816e-015	1.0214e-008	1000	1.7	8
917000	5.2538e-015	1.0174e-008	1000	1.7	8
918000	5.2262e-015	1.0135e-008	1000	1.7	8
919000	5.1989e-015	1.0096e-008	1000	1.7	8
920000	5.1718e-015	1.0057e-008	1000	1.7	8
921000	5.145e-015	1.0018e-008	1000	1.7	8
922000	5.1183e-015	9.9801e-009	1000	1.7	8
923000	5.0919e-015	9.9419e-009	1000	1.7	8
924000	5.0657e-015	9.9039e-009	1000	1.7	8
925000	5.0398e-015	9.8662e-009	1000	1.7	8
926000	5.014e-015	9.8286e-009	1000	1.7	8
927000	4.9885e-015	9.7913e-009	1000	1.7	8
928000	4.9631e-015	9.7541e-009	1000	1.7	8
929000	4.938e-015	9.7171e-009	1000	1.7	8
930000	4.9131e-015	9.6804e-009	1000	1.7	8
931000	4.8884e-015	9.6438e-009	1000	1.7	8
932000	4.8638e-015	9.6074e-009	1000	1.7	8
933000	4.8395e-015	9.5712e-009	1000	1.7	8
934000	4.8154e-015	9.5352e-009	1000	1.7	8
935000	4.7914e-015	9.4994e-009	1000	1.7	8
936000	4.7677e-015	9.4638e-009	1000	1.7	8
937000	4.7441e-015	9.4284e-009	1000	1.7	8
938000	4.7208e-015	9.3931e-009	1000	1.7	8
939000	4.6976e-015	9.3581e-009	1000	1.7	8
940000	4.6746e-015	9.3232e-009	1000	1.7	8
941000	4.6517e-015	9.2885e-009	1000	1.7	8
942000	4.6291e-015	9.254e-009	1000	1.7	8
943000	4.6066e-015	9.2196e-009	1000	1.7	8
944000	4.5843e-015	9.1855e-009	1000	1.7	8
945000	4.5622e-015	9.1515e-009	1000	1.7	8
946000	4.5402e-015	9.1176e-009	1000	1.7	8
947000	4.5185e-015	9.084e-009	1000	1.7	8
948000	4.4968e-015	9.0505e-009	1000	1.7	8
949000	4.4754e-015	9.0172e-009	1000	1.7	8
950000	4.4541e-015	8.9841e-009	1000	1.7	8
951000	4.4329e-015	8.9511e-009	1000	1.7	8
952000	4.412e-015	8.9183e-009	1000	1.7	8
953000	4.3911e-015	8.8856e-009	1000	1.7	8
954000	4.3705e-015	8.8531e-009	1000	1.7	8
955000	4.35e-015	8.8208e-009	1000	1.7	8
956000	4.3296e-015	8.7886e-009	1000	1.7	8
957000	4.3094e-015	8.7566e-009	1000	1.7	8
958000	4.2893e-015	8.7248e-009	1000	1.7	8
959000	4.2694e-015	8.6931e-009	1000	1.7	8
960000	4.2497e-015	8.6616e-009	1000	1.7	8
961000	4.23e-015	8.6302e-009	1000	1.7	8
962000	4.2105e-015	8.599e-009	1000	1.7	8
963000	4.1912e-015	8.5679e-009	1000	1.7	8
964000	4.172e-015	8.537e-009	1000	1.7	8
965000	4.1529e-015	8.5062e-009	1000	1.7	8
966000	4.134e-015	8.4756e-009	1000	1.7	8
967000	4.1152e-015	8.4451e-009	1000	1.7	8
968000	4.0965e-015	8.4148e-009	1000	1.7	8
969000	4.078e-015	8.3846e-009	1000	1.7	8
970000	4.0596e-015	8.3545e-009	1000	1.7	8
971000	4.0413e-015	8.3246e-009	1000	1.7	8
972000	4.0232e-015	8.2949e-009	1000	1.7	8
973000	4.0052e-015	8.2653e-009	1000	1.7	8
974000	3.9873e-015	8.2358e-009	1000	1.7	8
975000	3.9695e-015	8.2065e-009	1000	1.7	8
976000	3.9518e-015	8.1773e-009	1000	1.7	8
977000	3.9343e-015	8.1482e-009	1000	1.7	8
978000	3.9169e-015	8.1193e-009	1000	1.7	8
979000	3.8996e-015	8.0905e-009	1000	1.7	8
980000	3.8824e-015	8.0619e-009	1000	1.7	8
981000	3.8654e-015	8.0334e-009	1000	1.7	8
982000	3.8484e-015	8.005e-009	1000	1.7	8
983000	3.8316e-015	7.9767e-009	1000	1.7	8
984000	3.8149e-015	7.9486e-009	1000	1.7	8
985000	3.7983e-015	7.9206e-009	1000	1.7	8
986000	3.7818e-015	7.8928e-009	1000	1.7	8
987000	3.7654e-015	7.865e-009	1000	1.7	8
988000	3.7491e-015	7.8374e-009	1000	1.7	8
989000	3.7329e-015	7.8099e-009	1000	1.7	8
990000	3.7169e-015	7.7826e-009	1000	1.7	8
991000	3.7009e-015	7.7554e-009	1000	1.7	8
992000	3.6851e-015	7.7283e-009	1000	1.7	8
993000	3.6693e-015	7.7013e-009	1000	1.7	8
994000	3.6536e-015	7.6744e-009	1000	1.7	8
995000	3.6381e-015	7.6477e-009	1000	1.7	8
996000	3.6226e-015	7.6211e-009	1000	1.7	8
997000	3.6073e-015	7.5946e-009	1000	1.7	8
998000	3.592e-015	7.5682e-009	1000	1.7	8
999000	3.5768e-015	7.542e-009	1000	1.7	8
1000000	3.5618e-015	7.5158e-009	1000	1.7	8
