2	1.0000000000000000
3	0.8888888888888888	0.5555555555555556
4	0.6521451548625461	0.3478548451374538
5	0.5688888888888889	0.4786286704993665	0.2369268850561891
6	0.3607615730481386	0.4679139345726910	0.1713244923791704
7	0.4179591836734694	0.3818300505051189	0.2797053914892766	0.1294849661688697
8	0.3626837833783620	0.3137066458778873	0.2223810344533745	0.1012285362903763
9	0.3302393550012598	0.1806481606948574	0.0812743883615744	0.3123470770400029	0.2606106964029354
10	0.2955242247147529	0.2692667193099963	0.2190863625159820	0.1494513491505806	0.0666713443086881
11	0.2729250867779006	0.2628045445102467	0.2331937645919905	0.1862902109277343	0.1255803694649046	0.0556685671161737
12	0.2491470458134028	0.2334925365383548	0.2031674267230659	0.1600783285433462	0.1069393259953184	0.0471753363865118
13	0.2325515532308739	0.2262831802628972	0.2078160475368885	0.1781459807619457	0.1388735102197872	0.0921214998377285	0.0404840047653159
14	0.2152638534631578	0.2051984637212956	0.1855383974779378	0.1572031671581935	0.1215185706879032	0.0801580871597602	0.0351194603317519
15	0.2025782419255613	0.1984314853271116	0.1861610000155622	0.1662692058169939	0.1395706779261543	0.1071592204671719	0.0703660474881081	0.0307532419961173
16	0.1894506104550685	0.1826034150449236	0.1691565193950025	0.1495959888165767	0.1246289712555339	0.0951585116824928	0.0622535239386479	0.0271524594117541
17	0.1794464703562065	0.1765627053669926	0.1680041021564500	0.1540457610768103	0.1351363684685255	0.1118838471934040	0.0850361483171792	0.0554595293739872	0.0241483028685479
18	0.1691423829631436	0.1642764837458327	0.1546846751262652	0.1406429146706507	0.1225552067114785	0.1009420441062872	0.0764257302548891	0.0497145488949698	0.0216160135264833
19	0.1610544498487837	0.1589688433939543	0.1527660420658597	0.1426067021736066	0.1287539625393362	0.1115666455473340	0.0914900216224500	0.0690445427376412	0.0448142267656996	0.0194617882297265
20	0.1527533871307258	0.1491729864726037	0.1420961093183820	0.1316886384491766	0.1181945319615184	0.1019301198172404	0.0832767415767048	0.0626720483341091	0.0406014298003869	0.0176140071391521
21	0.1460811336496904	0.1445244039899700	0.1398873947910731	0.1322689386333375	0.1218314160537285	0.1087972991671484	0.0934444234560339	0.0761001136283793	0.0571344254268572	0.0369537897708525	0.0160172282577743
22	0.1392518728556320	0.1365414983460152	0.1311735047870624	0.1232523768105124	0.1129322960805392	0.1004141444428810	0.0859416062170677	0.0697964684245205	0.0522933351526833	0.0337749015848142	0.0146279952982722
23	0.1336545721861062	0.1324620394046966	0.1289057221880822	0.1230490843067295	0.1149966402224114	0.1048920914645414	0.0929157660600352	0.0792814117767189	0.0642324214085258	0.0480376717310847	0.0309880058569794	0.0134118594871418
24	0.1279381953467522	0.1258374563468283	0.1216704729278034	0.1155056680537256	0.1074442701159656	0.0976186521041139	0.0861901615319533	0.0733464814110803	0.0592985849154368	0.0442774388174198	0.0285313886289337	0.0123412297999872
25	0.1231760537267154	0.1222424429903100	0.1194557635357848	0.1148582591457116	0.1085196244742637	0.1005359490670506	0.0910282619829637	0.0801407003350010	0.0680383338123569	0.0549046959758352	0.0409391567013063	0.0263549866150321	0.0113937985010263
26	0.1183214152792623	0.1166604434852966	0.1133618165463197	0.1084718405285766	0.1020591610944254	0.0942138003559141	0.0850458943134852	0.0746841497656597	0.0632740463295748	0.0509758252971478	0.0379623832943628	0.0244178510926319	0.0105513726173430
27	0.1142208673789570	0.1134763461089651	0.1112524883568452	0.1075782857885332	0.1025016378177458	0.0960887273700285	0.0884231585437569	0.0796048677730578	0.0697488237662456	0.0589835368598336	0.0474494125206151	0.0352970537574197	0.0226862315961806	0.0097989960512944
28	0.1100470130164752	0.1087111922582941	0.1060557659228464	0.1021129675780608	0.0969306579979299	0.0905717443930328	0.0831134172289012	0.0746462142345688	0.0652729239669996	0.0551073456757167	0.0442729347590042	0.0329014277823044	0.0211321125927713	0.0091242825930945
29	0.1064793817183142	0.1058761550973209	0.1040733100777294	0.1010912737599150	0.0969638340944086	0.0917377571392588	0.0854722573661725	0.0782383271357638	0.0701179332550513	0.0612030906570791	0.0515948269024979	0.0414020625186828	0.0307404922020936	0.0197320850561227	0.0085169038787464
30	0.1028526528935588	0.1017623897484055	0.0995934205867953	0.0963687371746443	0.0921225222377861	0.0868997872010830	0.0807558952294202	0.0737559747377052	0.0659742298821805	0.0574931562176191	0.0484026728305941	0.0387991925696271	0.0287847078833234	0.0184664683110910	0.0079681924961666
31	0.0997205447934265	0.0992250112266723	0.0977433353863287	0.0952902429123195	0.0918901138936415	0.0875767406084779	0.0823929917615893	0.0763903865987766	0.0696285832354104	0.0621747865610284	0.0541030824249169	0.0454937075272011	0.0364322739123855	0.0270090191849794	0.0173186207903106	0.0074708315792488
32	0.0965400885147278	0.0956387200792749	0.0938443990808046	0.0911738786957639	0.0876520930044038	0.0833119242269467	0.0781938957870703	0.0723457941088485	0.0658222227763618	0.0586840934785355	0.0509980592623762	0.0428358980222267	0.0342738629130214	0.0253920653092621	0.0162743947309057	0.0070186100094701
33	0.0937684461602100	0.0933564260655961	0.0921239866433168	0.0900819586606386	0.0872482876188443	0.0836478760670387	0.0793123647948867	0.0742798548439541	0.0685945728186567	0.0623064825303175	0.0554708466316636	0.0481477428187117	0.0404015413316696	0.0323003586323290	0.0239155481017495	0.0153217015129347	0.0066062278475874
34	0.0909567403302599	0.0902030443706407	0.0887018978356939	0.0864657397470358	0.0835130996998457	0.0798684443397718	0.0755619746600319	0.0706293758142557	0.0651115215540764	0.0590541358275245	0.0525074145726781	0.0455256115233533	0.0381665937963875	0.0304913806384461	0.0225637219854950	0.0144501627485950	0.0062291405559087
35	0.0884867949071043	0.0881405304302755	0.0871044469971835	0.0853866533920991	0.0830005937288566	0.0799649422423243	0.0763034571554421	0.0720447947725601	0.0672222852690869	0.0618736719660802	0.0560408162123701	0.0497693704013535	0.0431084223261702	0.0361101158634634	0.0288292601088943	0.0213229799114836	0.0136508283483615	0.0058834334204431
36	0.0859832756703948	0.0853466857393386	0.0840782189796619	0.0821872667043397	0.0796878289120716	0.0765984106458707	0.0729418850056531	0.0687453238357364	0.0640397973550155	0.0588601442453248	0.0532447139777599	0.0472350834902660	0.0408757509236449	0.0342138107703072	0.0272986214985688	0.0201815152977355	0.0129159472840656	0.0055657196642450
37	0.0837683609931389	0.0834745736258628	0.0825952722364373	0.0811366245084650	0.0791088618375294	0.0765262075705292	0.0734067772484882	0.0697724515557003	0.0656487228727513	0.0610645165232260	0.0560519879982749	0.0506462976548246	0.0448853646624372	0.0388096025019345	0.0324616398475215	0.0258860369905589	0.0191290444890840	0.0122387801003076	0.0052730572794979
38	0.0815250292803858	0.0809824937705971	0.0799010332435278	0.0782878446582110	0.0761536635484464	0.0735126925847435	0.0703825070668990	0.0667839379791404	0.0627409333921331	0.0582803991469972	0.0534320199103323	0.0482280618607587	0.0427031585046744	0.0368940815940247	0.0308395005451751	0.0245797397382324	0.0181565777096132	0.0116134447164687	0.0050028807496393
39	0.0795276221394429	0.0792762225683685	0.0785236132873712	0.0772745525446820	0.0755369373228361	0.0733217534142686	0.0706430059706088	0.0675176309662313	0.0639653881386824	0.0600087360885962	0.0556726903409163	0.0509846652921294	0.0459743011089166	0.0406732768479338	0.0351151114981313	0.0293349559839034	0.0233693848321782	0.0172562290937249	0.0110347889391646	0.0047529446916351
40	0.0775059479784248	0.0770398181642480	0.0761103619006262	0.0747231690579683	0.0728865823958041	0.0706116473912868	0.0679120458152339	0.0648040134566010	0.0613062424929289	0.0574397690993916	0.0532278469839368	0.0486958076350722	0.0438709081856733	0.0387821679744720	0.0334601952825478	0.0279370069800234	0.0222458491941670	0.0164210583819079	0.0104982845311528	0.0045212770985332
41	0.0756955356472984	0.0754787470927158	0.0748296231762215	0.0737518820272235	0.0722516968610231	0.0703376606208175	0.0680207367608768	0.0653141964535274	0.0622335425809663	0.0587964209498719	0.0550225192425787	0.0509334542946175	0.0465526483690143	0.0419051951959097	0.0370177167035080	0.0319182117316993	0.0266358992071104	0.0212010633687796	0.0156449384078186	0.0099999387739059	0.0043061403581649
42	0.0738642342321729	0.0734608134534675	0.0726561752438041	0.0714547142651710	0.0698629924925942	0.0678897033765219	0.0655456243649090	0.0628435580450026	0.0597982622275867	0.0564263693580184	0.0527462956991741	0.0487781407928032	0.0445435777719659	0.0400657351806923	0.0353690710975921	0.0304792406996035	0.0254229595261130	0.0202278695690526	0.0149224436973575	0.0095362203017485	0.0041059986046491
43	0.0722157516937990	0.0720275019714220	0.0714637342525141	0.0705273877650850	0.0692233441936567	0.0675584022293652	0.0655412421263228	0.0631823804493961	0.0604941152499913	0.0574904619569105	0.0541870803188818	0.0506011927843902	0.0467514947543466	0.0426580571979821	0.0383422221941327	0.0338264920868603	0.0291344132614985	0.0242904566138388	0.0193199014236839	0.0142487564315765	0.0091039966374014	0.0039194902538441
44	0.0705491577893541	0.0701976854735582	0.0694964918615726	0.0684490702693667	0.0670606389062937	0.0653381148791814	0.0632900797332039	0.0609267367015620	0.0582598598775955	0.0553027355637281	0.0520700960917045	0.0485780464483520	0.0448439840819700	0.0408865123103462	0.0367253478138089	0.0323812228120698	0.0278757828212810	0.0232314819020192	0.0184714817368147	0.0136195867555800	0.0087004813675248	0.0037454048031128
45	0.0690418248292320	0.0688773169776613	0.0683845773786697	0.0675659541636075	0.0664253484498425	0.0649681957507234	0.0632014400738199	0.0611335008310665	0.0587742327188417	0.0561348787597865	0.0532280167312690	0.0500674992379520	0.0466683877183734	0.0430468807091650	0.0392202367293025	0.0352066922016090	0.0310253749345155	0.0266962139675777	0.0222398475505787	0.0176775352579376	0.0130311049915828	0.0083231892962182	0.0035826631552836
46	0.0675186858490365	0.0672106136006782	0.0665958747684549	0.0656772742677812	0.0644590034671391	0.0629466210643945	0.0611470277246505	0.0590684345955463	0.0567203258439912	0.0541134153858568	0.0512595980071430	0.0481718951017122	0.0448643952773181	0.0413521901096787	0.0376513053573861	0.0337786279991069	0.0297518295522028	0.0255892863971300	0.0213099987541365	0.0169335140078362	0.0124798837709887	0.0079698982297246	0.0034303008681070
47	0.0661351296236555	0.0659905335888105	0.0655573777665497	0.0648375562389457	0.0638342166057170	0.0625517462209217	0.0609957530087396	0.0591730409423389	0.0570915802932315	0.0547604727815302	0.0521899117800571	0.0493911377473612	0.0463763890865059	0.0431588486484795	0.0397525861225310	0.0361724965841749	0.0324342355151848	0.0285541507006434	0.0245492116596588	0.0204369381476684	0.0162353331464331	0.0119628484643123	0.0076386162958488	0.0032874538425280
48	0.0647376968126839	0.0644661644359501	0.0639242385846482	0.0631141922862540	0.0620394231598927	0.0607044391658939	0.0591148396983956	0.0572772921004032	0.0551995036999842	0.0528901894851937	0.0503590355538545	0.0476166584924905	0.0446745608566943	0.0415450829434647	0.0382413510658307	0.0347772225647704	0.0311672278327981	0.0274265097083569	0.0235707608393244	0.0196161604573555	0.0155793157229438	0.0114772345792345	0.0073275539012763	0.0031533460523058
49	0.0634632814047906	0.0633355092964917	0.0629527074651957	0.0623164173200573	0.0614292009791929	0.0602946309531520	0.0589172757600273	0.0573026815301875	0.0554573496748036	0.0533887107082590	0.0511050943301446	0.0486156958878282	0.0459305393555959	0.0430604369812596	0.0400169457663730	0.0368123209630007	0.0334594667916222	0.0299718846205838	0.0263636189270660	0.0226492015874467	0.0188435958530895	0.0149621449356247	0.0110205510315936	0.0070350995900865	0.0030272789889229
50	0.0621766166553473	0.0619360674206832	0.0614558995903167	0.0607379708417702	0.0597850587042655	0.0586008498132224	0.0571899256477284	0.0555577448062125	0.0537106218889962	0.0516557030695811	0.0494009384494663	0.0469550513039484	0.0443275043388033	0.0415284630901477	0.0385687566125877	0.0354598356151462	0.0322137282235780	0.0288429935805352	0.0253606735700124	0.0217802431701248	0.0181155607134894	0.0143808227614856	0.0105905483836510	0.0067597991957454	0.0029086225531551
51	0.0609989248412059	0.0608854648448563	0.0605455069347378	0.0599803157775033	0.0591919939229615	0.0581834739825921	0.0569585077202587	0.0555216520957387	0.0538782523130456	0.0520344219366971	0.0499970201500574	0.0477736262406231	0.0453725114076501	0.0428026079978801	0.0400734762854965	0.0371952689232603	0.0341786932041883	0.0310349712901600	0.0277757985941625	0.0244133005737814	0.0209599884017032	0.0174287147234011	0.0138326340064778	0.0101851912978217	0.0065003377832526	0.0027968071710899
52	0.0598103657452919	0.0595962601712482	0.0591688154660430	0.0585295617718139	0.0576807874525268	0.0566255309023686	0.0553675696693027	0.0539114069327573	0.0522622553839070	0.0504260185663424	0.0484092697440749	0.0462192283727848	0.0438637342590004	0.0413512195005603	0.0386906783104240	0.0358916348350972	0.0329641090897188	0.0299185811471439	0.0267659537465040	0.0235175135539845	0.0201848915079808	0.0167800233963007	0.0133151149823410	0.0098026345794628	0.0062555239629733	0.0026913169500471
53	0.0587187941511644	0.0586175862327203	0.0583143113622560	0.0578100149917132	0.0571064355362672	0.0562059983817397	0.0551118075239336	0.0538276348687310	0.0523579072298727	0.0507076910692927	0.0488826750326991	0.0468891503407503	0.0447339891036728	0.0424246206345200	0.0399690058435404	0.0373756098034829	0.0346533725835342	0.0318116784590193	0.0288603236178237	0.0258094825107575	0.0226696730570702	0.0194517211076369	0.0161667252566875	0.0128260261442404	0.0094412022849403	0.0060242762269487	0.0025916837205670
54	0.0576175367071470	0.0574261370541121	0.0570439735587946	0.0564723157306260	0.0557130625605900	0.0547687362130580	0.0536424736475536	0.0523380161982987	0.0508596971461881	0.0492124273245289	0.0474016788064450	0.0454334667282767	0.0433143293095970	0.0410513061366450	0.0386519147821025	0.0361241258403836	0.0334763364643726	0.0307173424978707	0.0278563093105959	0.0249027414672088	0.0218664514228531	0.0187575276214694	0.0155863030359241	0.0123633281288476	0.0090993694555094	0.0058056110152400	0.0024974818357616
55	0.0566029764445604	0.0565123182497720	0.0562406340710844	0.0557887941952841	0.0551582460025087	0.0543510093299111	0.0533696700016055	0.0522173715456321	0.0508978051244940	0.0494151977115517	0.0477742985512007	0.0459803639462838	0.0440391404216066	0.0419568463177188	0.0397401518743372	0.0373961578679655	0.0349323728735899	0.0323566892261858	0.0296773577651610	0.0269029614563963	0.0240423880097256	0.0211048016680165	0.0180996145207291	0.0150364583335118	0.0119251607198486	0.0087757461070585	0.0055986322665608	0.0024083236199798
56	0.0555797463065144	0.0554079525032451	0.0550648959017624	0.0545516368708894	0.0538697618657145	0.0530213785240108	0.0520091091517414	0.0508360826177985	0.0495059246830476	0.0480227467936003	0.0463911333730019	0.0446161276526923	0.0427032160846671	0.0406583113847445	0.0384877342592477	0.0361981938723152	0.0337967671156118	0.0312908767473104	0.0286882684738227	0.0259969870583920	0.0232253515625653	0.0203819298824026	0.0174755129114009	0.0145150892780215	0.0115098243403834	0.0084690631633079	0.0054025222460153	0.0023238553757732
57	0.0546343287565840	0.0545528036047619	0.0543084714524986	0.0539020614832986	0.0533347865848192	0.0526083397291774	0.0517248889205178	0.0506870707249274	0.0494979824020197	0.0481611726616877	0.0466806310736415	0.0450607761613812	0.0433064422162152	0.0414228648708011	0.0394156654754801	0.0372908343244173	0.0350547127823126	0.0327139743663716	0.0302756048426940	0.0277468814021802	0.0251353509909181	0.0224488078907764	0.0196952706994885	0.0168829590234416	0.0140202707907536	0.0111157637323360	0.0081781600678212	0.0052165334747188	0.0022437538722507
58	0.0536811198633348	0.0535263433040583	0.0532172364465790	0.0527546905263708	0.0521400391836698	0.0513750546182857	0.0504619424799531	0.0494033355089624	0.0482022859454177	0.0468622567290263	0.0453871115148198	0.0437811035336403	0.0420488633295821	0.0401953854098678	0.0382260138458584	0.0361464268670873	0.0339626204934160	0.0316808912538093	0.0293078180441605	0.0268502431819819	0.0243152527249640	0.0217101561401462	0.0190424654618934	0.0163198742349710	0.0135502371129888	0.0107415535328788	0.0079019738499987	0.0050399816126502	0.0021677232496275
59	0.0527980126219904	0.0527244338591279	0.0525039026478287	0.0521370336483754	0.0516248493908915	0.0509687774253939	0.0501706463429969	0.0492326806793620	0.0481574947146064	0.0469480851869620	0.0456078229405098	0.0441404435302974	0.0425500368110676	0.0408410355386867	0.0390182030161600	0.0370866198188709	0.0350516696364001	0.0329190242710453	0.0306946278361117	0.0283846802005348	0.0259956197312985	0.0235341053937134	0.0210069982884372	0.0184213427536100	0.0157843473130815	0.0131033663063452	0.0103858855009959	0.0076395294534876	0.0048722391682653	0.0020954922845412
60	0.0519078776312206	0.0517679431749102	0.0514884515009809	0.0510701560698556	0.0505141845325094	0.0498220356905502	0.0489955754557568	0.0480370318199712	0.0469489888489122	0.0457343797161145	0.0443964787957871	0.0429388928359356	0.0413655512355848	0.0396806954523808	0.0378888675692434	0.0359948980510845	0.0340038927249464	0.0319212190192963	0.0297524915007889	0.0275035567499248	0.0251804776215212	0.0227895169439978	0.0203371207294573	0.0178299010142077	0.0152746185967848	0.0126781664768160	0.0100475571822880	0.0073899311633455	0.0047127299269536	0.0020268119688738
61	0.0510811194407862	0.0510144870386973	0.0508147636688183	0.0504824703867974	0.0500184741081783	0.0494239853467356	0.0487005550564115	0.0478500705850956	0.0468747507508091	0.0457771400531460	0.0445601020350835	0.0432268118124961	0.0417807477908885	0.0402256825909982	0.0385656732070082	0.0368050504231548	0.0349484075165334	0.0330005882759074	0.0309666743683974	0.0288519720881834	0.0266619985241509	0.0244024671875442	0.0220792731483190	0.0196984777461012	0.0172662929876137	0.0147890658849379	0.0122732635078121	0.0097254618303561	0.0071523549917491	0.0045609240060124	0.0019614533616703
62	0.0502480003752563	0.0501210695690433	0.0498675285949524	0.0494880179196993	0.0489834962205178	0.0483552379634777	0.0476048301841012	0.0467341684784155	0.0457454522145702	0.0446411789771244	0.0434241382580474	0.0420974044103851	0.0406643288824174	0.0391285317519631	0.0374938925822800	0.0357645406227681	0.0339448443794105	0.0320394005816247	0.0300530225739899	0.0279907281633146	0.0258577269540247	0.0236594072086828	0.0214013222776700	0.0190891766585732	0.0167288117901773	0.0143261918238065	0.0118873901170105	0.0094185794284204	0.0069260419018310	0.0044163334569309	0.0018992056795137
63	0.0494723666239310	0.0494118330399182	0.0492303804237476	0.0489284528205120	0.0485067890978838	0.0479664211379951	0.0473086713122689	0.0465351492453837	0.0456477478762926	0.0446486388259414	0.0435402670830276	0.0423253450208158	0.0410068457596664	0.0395879958915441	0.0380722675843496	0.0364633700854573	0.0347652406453559	0.0329820348837793	0.0311181166222198	0.0291780472082805	0.0271665743590979	0.0250886205533450	0.0229492710048899	0.0207537612580391	0.0185074644601613	0.0162158784103383	0.0138846126161156	0.0115193760768800	0.0091259686763267	0.0067102917659601	0.0042785083468638	0.0018398745955771
64	0.0486909570091397	0.0485754674415034	0.0483447622348030	0.0479993885964583	0.0475401657148303	0.0469681828162100	0.0462847965813144	0.0454916279274181	0.0445905581637566	0.0435837245293235	0.0424735151236536	0.0412625632426235	0.0399537411327203	0.0385501531786156	0.0370551285402400	0.0354722132568824	0.0338051618371416	0.0320579283548516	0.0302346570724025	0.0283396726142595	0.0263774697150547	0.0243527025687109	0.0222701738083833	0.0201348231535302	0.0179517157756973	0.0157260304760247	0.0134630478967186	0.0111681394601311	0.0088467598263639	0.0065044579689784	0.0041470332605625	0.0017832807216964
