2	0.5773502691896257
3	0.7745966692414834
4	0.3399810435848563	0.8611363115940526
5	0.5384693101056831	0.9061798459386640
6	0.6612093864662645	0.2386191860831969	0.9324695142031521
7	0.4058451513773972	0.7415311855993945	0.9491079123427585
8	0.1834346424956498	0.5255324099163290	0.7966664774136267	0.9602898564975363
9	0.8360311073266358	0.9681602395076261	0.3242534234038089	0.6133714327005904
10	0.1488743389816312	0.4333953941292472	0.6794095682990244	0.8650633666889845	0.9739065285171717
11	0.2695431559523450	0.5190961292068118	0.7301520055740494	0.8870625997680953	0.9782286581460570
12	0.1252334085114689	0.3678314989981802	0.5873179542866175	0.7699026741943047	0.9041172563704749	0.9815606342467192
13	0.2304583159551348	0.4484927510364469	0.6423493394403402	0.8015780907333099	0.9175983992229779	0.9841830547185881
14	0.1080549487073437	0.3191123689278897	0.5152486363581541	0.6872929048116855	0.8272013150697650	0.9284348836635735	0.9862838086968123
15	0.2011940939974345	0.3941513470775634	0.5709721726085388	0.7244177313601701	0.8482065834104272	0.9372733924007060	0.9879925180204854
16	0.0950125098376374	0.2816035507792589	0.4580167776572274	0.6178762444026438	0.7554044083550030	0.8656312023878318	0.9445750230732326	0.9894009349916499
17	0.1784841814958479	0.3512317634538763	0.5126905370864769	0.6576711592166907	0.7815140038968014	0.8802391537269859	0.9506755217687678	0.9905754753144174
18	0.0847750130417353	0.2518862256915055	0.4117511614628426	0.5597708310739475	0.6916870430603532	0.8037049589725231	0.8926024664975557	0.9558239495713977	0.9915651684209309
19	0.1603586456402254	0.3165640999636298	0.4645707413759609	0.6005453046616810	0.7209661773352294	0.8227146565371428	0.9031559036148179	0.9602081521348300	0.9924068438435844
20	0.0765265211334973	0.2277858511416451	0.3737060887154195	0.5108670019508271	0.6360536807265150	0.7463319064601508	0.8391169718222188	0.9122344282513259	0.9639719272779138	0.9931285991850949
21	0.1455618541608951	0.2880213168024011	0.4243421202074388	0.5516188358872198	0.6671388041974123	0.7684399634756779	0.8533633645833173	0.9200993341504008	0.9672268385663063	0.9937521706203895
22	0.0697392733197222	0.2078604266882213	0.3419358208920842	0.4693558379867570	0.5876404035069116	0.6944872631866827	0.7878168059792081	0.8658125777203002	0.9269567721871740	0.9700604978354287	0.9942945854823992
23	0.1332568242984661	0.2641356809703450	0.3903010380302908	0.5095014778460075	0.6196098757636461	0.7186613631319502	0.8048884016188399	0.8767523582704416	0.9329710868260161	0.9725424712181152	0.9947693349975522
24	0.0640568928626056	0.1911188674736163	0.3150426796961634	0.4337935076260451	0.5454214713888396	0.6480936519369755	0.7401241915785544	0.8200019859739029	0.8864155270044011	0.9382745520027328	0.9747285559713095	0.9951872199970213
25	0.1228646926107104	0.2438668837209884	0.3611723058093879	0.4730027314457150	0.5776629302412229	0.6735663684734684	0.7592592630373576	0.8334426287608340	0.8949919978782753	0.9429745712289743	0.9766639214595175	0.9955569697904981
26	0.0592300934293132	0.1768588203568902	0.2920048394859569	0.4030517551234863	0.5084407148245057	0.6066922930176181	0.6964272604199573	0.7763859488206789	0.8454459427884981	0.9026378619843071	0.9471590666617142	0.9783854459564710	0.9958857011456169
27	0.1139725856095300	0.2264593654395368	0.3359939036385089	0.4411482517500269	0.5405515645794569	0.6329079719464952	0.7170134737394237	0.7917716390705082	0.8562079080182945	0.9094823206774911	0.9509005578147051	0.9799234759615012	0.9961792628889886
28	0.0550792898840343	0.1645692821333808	0.2720616276351781	0.3762515160890787	0.4758742249551183	0.5697204718114017	0.6566510940388650	0.7356108780136318	0.8056413709171791	0.8658925225743951	0.9156330263921321	0.9542592806289382	0.9813031653708727	0.9964424975739544
29	0.1062782301326792	0.2113522861660011	0.3140316378676399	0.4131528881740086	0.5075929551242276	0.5962817971382278	0.6782145376026865	0.7524628517344771	0.8181854876152524	0.8746378049201028	0.9211802329530587	0.9572855957780877	0.9825455052614132	0.9966794422605966
30	0.0514718425553177	0.1538699136085835	0.2546369261678899	0.3527047255308781	0.4470337695380892	0.5366241481420199	0.6205261829892429	0.6978504947933158	0.7677774321048262	0.8295657623827684	0.8825605357920527	0.9262000474292743	0.9600218649683075	0.9836681232797472	0.9968934840746495
31	0.0995553121523415	0.1981211993355706	0.2947180699817016	0.3883859016082329	0.4781937820449025	0.5632491614071493	0.6427067229242603	0.7157767845868532	0.7817331484166249	0.8399203201462674	0.8897600299482711	0.9307569978966481	0.9625039250929497	0.9846859096651525	0.9970874818194770
32	0.0483076656877383	0.1444719615827965	0.2392873622521371	0.3318686022821277	0.4213512761306353	0.5068999089322294	0.5877157572407623	0.6630442669302152	0.7321821187402897	0.7944837959679424	0.8493676137325700	0.8963211557660521	0.9349060759377397	0.9647622555875064	0.9856115115452684	0.9972638618494816
33	0.0936310658547334	0.1864392988279916	0.2776090971524970	0.3663392577480734	0.4518500172724507	0.5333899047863476	0.6102423458363790	0.6817319599697428	0.7472304964495622	0.8061623562741665	0.8580096526765041	0.9023167677434336	0.9386943726111684	0.9668229096899927	0.9864557262306425	0.9974246942464552
34	0.0455098219531025	0.1361523572591830	0.2256666916164495	0.3133110813394632	0.3983592777586459	0.4801065451903270	0.5578755006697467	0.6310217270805285	0.6989391132162629	0.7610648766298730	0.8168842279009336	0.8659346383345645	0.9078096777183244	0.9421623974051071	0.9687082625333443	0.9872278164063095	0.9975717537908420
35	0.0883713432756593	0.1760510611659896	0.2623529412092960	0.3466015544308139	0.4281375415178142	0.5063227732414887	0.5805453447497645	0.6502243646658904	0.7148145015566287	0.7738102522869126	0.8267498990922254	0.8732191250252224	0.9128542613593176	0.9453451482078273	0.9704376160392298	0.9879357644438514	0.9977065690996003
36	0.0430181984737086	0.1287361038093848	0.2135008923168656	0.2966849953440283	0.3776725471196892	0.4558639444334203	0.5306802859262452	0.6015676581359806	0.6680012365855210	0.7294891715935565	0.7855762301322066	0.8358471669924753	0.8799298008903972	0.9174977745156591	0.9482729843995076	0.9720276910496980	0.9885864789022122	0.9978304624840858
37	0.0836704089547699	0.1667539302398520	0.2486677927913657	0.3288374298837070	0.4067005093183261	0.4817108778032055	0.5533423918615817	0.6210926084089244	0.6844863091309593	0.7430788339819653	0.7964592005099023	0.8442529873405560	0.8861249621554861	0.9217814374124638	0.9509723432620948	0.9734930300564858	0.9891859632143192	0.9979445824779136
38	0.0407851479045782	0.1220840253378674	0.2025704538921167	0.2817088097901653	0.3589724404794350	0.4338471694323765	0.5058347179279311	0.5744560210478071	0.6392544158296817	0.6997986803791844	0.7556859037539707	0.8065441676053168	0.8520350219323621	0.8918557390046322	0.9257413320485844	0.9534663309335296	0.9748463285901535	0.9897394542663855	0.9980499305356876
39	0.0794438046087555	0.1583853399978378	0.2363255124618358	0.3127715592481859	0.3872401639715615	0.4592605123091361	0.5283772686604374	0.5941534549572780	0.6561732134320110	0.7140444358945347	0.7674012429310635	0.8159062974301431	0.8592529379999062	0.8971671192929929	0.9294091484867383	0.9557752123246522	0.9760987093334711	0.9902515368546860	0.9981473830664329
40	0.0387724175060508	0.1160840706752552	0.1926975807013711	0.2681521850072537	0.3419940908257585	0.4137792043716050	0.4830758016861787	0.5494671250951282	0.6125538896679802	0.6719566846141796	0.7273182551899271	0.7783056514265194	0.8246122308333117	0.8659595032122595	0.9020988069688743	0.9328128082786765	0.9579168192137917	0.9772599499837743	0.9907262386994570	0.9982377097105593
41	0.0756232589891630	0.1508133548639922	0.2251396056334228	0.2981762773418249	0.3695050226404815	0.4387172770514071	0.5054165991994061	0.5692209416102159	0.6297648390721963	0.6867015020349513	0.7397048030699261	0.7884711450474093	0.8327212004013613	0.8722015116924414	0.9066859447581012	0.9359769874978539	0.9599068917303463	0.9783386735610834	0.9911671096990163	0.9983215885747715
42	0.0369489431653518	0.1106450272085199	0.1837368065648546	0.2558250793428791	0.3265161244654115	0.3954238520429750	0.4621719120704219	0.5263957499311923	0.5877445974851093	0.6458833888692478	0.7004945905561712	0.7512799356894805	0.7979620532554874	0.8402859832618169	0.8780205698121727	0.9109597249041275	0.9389235573549882	0.9617593653382045	0.9793425080637482	0.9915772883408609	0.9983996189900625
43	0.0721529908745862	0.1439298095107133	0.2149562448605182	0.2848619980329136	0.3532826128643038	0.4198613760292693	0.4842511767857347	0.5461163166600848	0.6051342596396010	0.6609973137514982	0.7134142352689571	0.7621117471949551	0.8068359641369386	0.8473537162093151	0.8834537652186168	0.9149479072061387	0.9416719568476378	0.9634866130140800	0.9802782209802553	0.9919595575932442	0.9984723322425078
44	0.0352892369641354	0.1056919017086533	0.1755680147755168	0.2445694569282013	0.3123524665027858	0.3785793520147072	0.4429201745254115	0.5050543913882023	0.5646724531854708	0.6214773459035758	0.6751860706661224	0.7255310536607170	0.7722614792487559	0.8151445396451350	0.8539665950047104	0.8885342382860432	0.9186752599841758	0.9442395091181941	0.9650996504224931	0.9811518330779140	0.9923163921385159	0.9985402006367742
45	0.0689869801631442	0.1376452059832530	0.2056474897832637	0.2726697697523776	0.3383926542506022	0.4025029438585419	0.4646951239196351	0.5246728204629161	0.5821502125693532	0.6368533944532233	0.6885216807712006	0.7369088489454904	0.7817843125939062	0.8229342205020863	0.8601624759606642	0.8932916717532418	0.9221639367190004	0.9466416909956291	0.9666083103968947	0.9819687150345405	0.9926499984472037	0.9986036451819367
46	0.0337721900160520	0.1011624753055842	0.1680911794671035	0.2342529222062698	0.2993458227018700	0.3630728770209957	0.4251433132828284	0.4852739183881646	0.5431903302618026	0.5986282897127152	0.6513348462019977	0.7010695120204057	0.7476053596156661	0.7907300570752742	0.8302468370660661	0.8659753948668580	0.8977527115339420	0.9254337988067539	0.9488923634460898	0.9680213918539919	0.9827336698041669	0.9929623489061744	0.9986630421338180
47	0.0660869239163557	0.1318848665545149	0.1971061102791118	0.2614654592149745	0.3246814863377359	0.3864777640846672	0.4465840731048557	0.5047375838635779	0.5606840059346642	0.6141786999563736	0.6649877473903327	0.7128889734090643	0.7576729184454386	0.7991437541677420	0.8371201398999021	0.8714360157968963	0.9019413294385253	0.9285026930123607	0.9510039692577085	0.9693467873265645	0.9834510030716237	0.9932552109877686	0.9987187285842121
48	0.0323801709628694	0.0970046992094627	0.1612223560688917	0.2247637903946891	0.2873624873554556	0.3487558862921608	0.4086864819907167	0.4669029047509584	0.5231609747222330	0.5772247260839727	0.6288673967765136	0.6778723796326639	0.7240341309238146	0.7671590325157404	0.8070662040294426	0.8435882616243935	0.8765720202742479	0.9058791367155696	0.9313866907065543	0.9529877031604309	0.9705915925462473	0.9841245837228269	0.9935301722663508	0.9987710072524261
49	0.0634206849826868	0.1265859972696720	0.1892415924618136	0.2511351786125773	0.3120175321197488	0.3716435012622849	0.4297729933415765	0.4861719414524920	0.5406132469917261	0.5928776941089007	0.6427548324192377	0.6900438244251321	0.7345542542374027	0.7761068943454467	0.8145344273598555	0.8496821198441658	0.8814084455730089	0.9095856558280733	0.9341002947558101	0.9548536586741372	0.9717622009015554	0.9847578959142130	0.9937886619441678	0.9988201506066354
50	0.0310983383271889	0.0931747015600861	0.1548905899981459	0.2160072368760418	0.2762881937795320	0.3355002454194373	0.3934143118975651	0.4498063349740388	0.5044581449074642	0.5571583045146501	0.6077029271849502	0.6558964656854394	0.7015524687068222	0.7444943022260685	0.7845558329003993	0.8215820708593360	0.8554297694299461	0.8859679795236131	0.9130785566557919	0.9366566189448780	0.9566109552428079	0.9728643851066920	0.9853540840480058	0.9940319694320907	0.9988664044200710
51	0.0609611001505787	0.1216954210188888	0.1819770269570775	0.2415816664477987	0.3002876063353319	0.3578764566884095	0.4141339832263039	0.4688509042860410	0.5218236693661858	0.5728552163513039	0.6217557046007233	0.6683432211753700	0.7124444575770367	0.7538953544853755	0.7925417120993812	0.8282397638230649	0.8608567111822923	0.8902712180295274	0.9163738623097802	0.9390675440029623	0.9582678486139082	0.9739033680193239	0.9859159917359029	0.9942612604367526	0.9989099908489035
52	0.0299141097973388	0.0896352446489006	0.1490355086069492	0.2079022641563661	0.2660247836050018	0.3231950034348078	0.3792082691160937	0.4338640677187617	0.4869667456980961	0.5383262092858274	0.5877586049795791	0.6350869776952459	0.6801419042271677	0.7227620997499832	0.7627949951937449	0.8000972834304684	0.8345354323267345	0.8659861628460676	0.8943368905344953	0.9194861289164246	0.9413438536413591	0.9598318269330866	0.9748838842217445	0.9864461956515499	0.9944775909292161	0.9989511111039503
53	0.0586850543002595	0.1171678090719551	0.1752466621553257	0.2327214037242726	0.2893939064516262	0.3450688084957224	0.3995541869539530	0.4526622194618458	0.5042098316571334	0.5540193282770679	0.6019190057137693	0.6477437439165100	0.6913355756013667	0.7325442308075103	0.7712276549255324	0.8072524984168955	0.8404945765458014	0.8708392975582413	0.8981820578754266	0.9224286030428122	0.9434953534644419	0.9613096946231363	0.9758102337149845	0.9869470350233716	0.9946819193080071	0.9989899477763282
54	0.0288167481993418	0.0863545182632482	0.1436054273162561	0.2003792936062136	0.2564875200699973	0.3117437208344682	0.3659643403721912	0.4189692632552045	0.4705824124813823	0.5206323343859330	0.5689527681952095	0.6153831983311274	0.6597693876319831	0.7019638897191729	0.7418265388091844	0.7792249153462540	0.8140347859135678	0.8461405159707730	0.8754354540655689	0.9018222862847016	0.9252133598666515	0.9455309751649958	0.9627076457859236	0.9766863288579032	0.9874206373973435	0.9948751170183389	0.9990266668673410
55	0.0565727538183368	0.1129642880593293	0.1689939636468732	0.2244823006478455	0.2792515532008065	0.3331262788900239	0.3859339007409794	0.4375052600371746	0.4876751581874741	0.5362828859083433	0.5831727380260321	0.6281945122499282	0.6712039903198264	0.7120633999866378	0.7506418563480219	0.7868157811276224	0.8204692985593209	0.8514946066171545	0.8797923224198955	0.9052718007440000	0.9278514247207917	0.9474588680412107	0.9640313285931352	0.9775157355039892	0.9878689411988892	0.9950579778474119	0.9990614195648185
56	0.0277970352872754	0.0833051868224354	0.1385558468103762	0.1933782386352753	0.2476029094343372	0.3010622538672207	0.3535910321749545	0.4050268809270913	0.4552108148784596	0.5039877183843817	0.5512068248555346	0.5967221827706634	0.6403931068070069	0.6820846126944704	0.7216678344501881	0.7590204227051289	0.7940269228938664	0.8265791321428817	0.8565764337627486	0.8839261083278276	0.9085436204206555	0.9303528802474963	0.9492864795619627	0.9652859019054901	0.9783017091402564	0.9882937155401615	0.9952312260810697	0.9990943438014656
57	0.0546071510016468	0.1090513328087878	0.1631700625912643	0.2168018287961240	0.2697865731618387	0.3219661683953786	0.3731848900865944	0.4232898814515639	0.4721316095179757	0.5195643113911876	0.5654464292692367	0.6096410329087154	0.6520162282809769	0.6924455511995178	0.7308083447445233	0.7669901193594502	0.8008828945472183	0.8323855211504391	0.8614039832620469	0.8878516788822214	0.9116496785213912	0.9327269610671017	0.9510206264478768	0.9664760851718867	0.9790472267094688	0.9886965776502220	0.9953955236784303	0.9991255656252629
58	0.0268470123659424	0.0804636302141427	0.1338482505954668	0.1868469518357613	0.2393069249661535	0.2910769143111092	0.3420076535979953	0.3919522963307531	0.4407668391868396	0.4883105372167185	0.5344463096488475	0.5790411351302250	0.6219664352630792	0.6630984453321253	0.7023185711539082	0.7395137310200423	0.7745766817496528	0.8074063279130882	0.8379080133393734	0.8659937940748075	0.8915826920220302	0.9146009285643525	0.9349821375882593	0.9526675575188691	0.9676062025029241	0.9797550146943503	0.9890790082484426	0.9955514765972909	0.9991552004073866
59	0.0527734840883100	0.1053998790163442	0.1577325055878580	0.2096255033920365	0.2609342373428117	0.3115157008030137	0.3612289141697948	0.4099353178104190	0.4574991582532667	0.5037878665577180	0.5486724278083964	0.5920277407040302	0.6337329662388501	0.6736718645049372	0.7117331186771977	0.7478106452786403	0.7818038898623609	0.8136181072882116	0.8431646258168722	0.8703610942928822	0.8951317117434721	0.9174074387881552	0.9371261903534539	0.9542330093769511	0.9686802216817816	0.9804275739567156	0.9894423651337310	0.9956996403832460	0.9991833539092947
60	0.0259597723012478	0.0778093339495366	0.1294491353969450	0.1807399648734254	0.2315435513760293	0.2817229374232617	0.3311428482684482	0.3796700565767980	0.4271737415830784	0.4735258417617071	0.5186014000585697	0.5622789007539445	0.6044405970485104	0.6449728284894770	0.6837663273813555	0.7207165133557304	0.7557237753065856	0.7886937399322641	0.8195375261621458	0.8481719847859296	0.8745199226468983	0.8985103108100460	0.9200784761776275	0.9391662761164232	0.9557222558399961	0.9697017887650528	0.9810672017525982	0.9897878952222218	0.9958405251188381	0.9992101232274361
61	0.0510589067079743	0.1019846065622741	0.1526442402308153	0.2029056425180585	0.2526376871690535	0.3017106289630307	0.3499964422040668	0.3973691547257566	0.4437051765385316	0.4888836222622521	0.5327866265029253	0.5752996513508306	0.6163117851979217	0.6557160320950709	0.6934095908944912	0.7292941234494651	0.7632760111723123	0.7952665992823597	0.8251824281086599	0.8529454508476635	0.8784832372148811	0.9017291624740011	0.9226225813829553	0.9411089866813611	0.9571401519129841	0.9706742588331829	0.9816760112840370	0.9901167452325170	0.9959745998151203	0.9992355976313635
62	0.0251292914218206	0.0753243954962343	0.1253292236158968	0.1750174592490156	0.2242635856041655	0.2729432026967263	0.3209333415941940	0.3681127750465645	0.4143623237171261	0.4595651572401134	0.5036070893447560	0.5463768663002511	0.5877664479530873	0.6276712806468852	0.6659905613354794	0.7026274922222970	0.7374895252831567	0.7704885960554193	0.8015413461039764	0.8305693336040049	0.8574992315120710	0.8822630128318973	0.9047981225210935	0.9250476356362037	0.9429604013923285	0.9584911729739271	0.9716007233716518	0.9822559490972367	0.9904299711892903	0.9961022963162671	0.9992598593087770
63	0.0494521871161596	0.0987833564469453	0.1478727863578720	0.1966003467915067	0.2448467932459534	0.2924940585862514	0.3394255419745844	0.3855263942122479	0.4306837987951116	0.4747872479948044	0.5177288132900333	0.5594034094862850	0.5997090518776252	0.6385471058213654	0.6758225281149861	0.7114440995848458	0.7453246483178474	0.7773812629903724	0.8075354957734567	0.8357135543195029	0.8618464823641238	0.8858703285078534	0.9077263027785316	0.9273609206218432	0.9447261340410098	0.9597794497589419	0.9724840346975701	0.9828088105937273	0.9907285468921895	0.9962240127779701	0.9992829840291237
64	0.0243502926634244	0.0729931217877990	0.1214628192961206	0.1696444204239928	0.2174236437400071	0.2646871622087674	0.3113228719902110	0.3572201583376681	0.4022701579639916	0.4463660172534641	0.4894031457070530	0.5312794640198946	0.5718956462026340	0.6111553551723933	0.6489654712546573	0.6852363130542333	0.7198818501716109	0.7528199072605319	0.7839723589433414	0.8132653151227975	0.8406292962525803	0.8659993981540928	0.8893154459951141	0.9105221370785028	0.9295691721319396	0.9464113748584028	0.9610087996520538	0.9733268277899110	0.9833362538846260	0.9910133714767443	0.9963401167719553	0.9993050417357722
