0                17.3354938142609 119999.999999997 7450             -1.58241625593902 -1.43291421736422e-17 -2.71544882519025e-17 4.75756016722581e-06 4.6655727413925e-05 0.3              1.2              0.6              -0.0209439510239323 0                0                0                1.45847184595471e-08 6085132.99116063 -1193642.16585275 1918224.61664082
10               18.0657602466995 118425.019838508 7451.91164846178 -1.58200356273366 -2.15429056128773e-17 -2.68216793792062e-17 5.81939609536141e-06 5.7068780718576e-05 0.309464857530223 1.20680623789196 0.602511503196417 -0.021334605733704 0                0                0                1.78353693965229e-08 6074365.8130402  -1144065.05336585 1976350.67731966
20               18.8904339563296 116820.639318098 7453.85888100447 -1.58153751743637 -2.96892489083813e-17 -2.64458456896749e-17 7.25976610778486e-06 7.11939853009084e-05 0.318917768750283 1.21366190973902 0.605113301331951 -0.0217221395794026 0                0                0                2.22447658926688e-08 6062712.67772483 -1094321.08108797 2034188.47782494
30               19.7990569050146 115187.070680021 7455.84146138308 -1.58102403016584 -3.86648648152847e-17 -2.60317532902091e-17 9.23773586174194e-06 9.05912423885516e-05 0.328358149434796 1.22056885753483 0.607806530395152 -0.0221064940642583 0                0                0                2.82996315764814e-08 6050174.62902377 -1044417.38674099 2091729.36114792
40               20.7812523691902 113524.530336781 7457.85913016373 -1.58046896508768 -4.83672493354006e-17 -2.55841312297124e-17 1.19954558046916e-05 0.000117635236667079 0.337785399110891 1.22752895610398 0.610592369882301 -0.0224876111981188 0                0                0                3.67408731380916e-08 6036752.83007973 -994361.140304859 2148964.69638431
50               21.8269405170512 111833.238852617 7459.91159426225 -1.57987801858599 -5.86968312452402e-17 -2.51075732527569e-17 1.59094505514091e-05 0.000156018413249976 0.347198900333595 1.23454411423347 0.613472043644382 -0.0228654335831131 0                0                0                4.8720451552176e-08 6022448.56368684 -944159.543492983 2205885.87957639
60               22.9264024531571 110113.420919796 7461.99850984729 -1.57925668307004 -6.9557604745436e-17 -2.46065086121352e-17 2.15782630409354e-05 0.00021161047325039 0.356598017923074 1.24161627580047 0.616446820746464 -0.0232399045430179 0                0                0                6.60694186412459e-08 6007263.23264136 -893819.829304583 2262484.33446341
70               24.0627982104397 108365.305328826 7464.11945419777 -1.57861447525821 -8.07832202225326e-17 -2.40886118909959e-17 2.99561633366116e-05 0.000293769609184982 0.365982098152132 1.24874742088606 0.619518016333977 -0.0236109683247599 0                0                0                9.17064725216678e-08 5991198.36015137 -843349.261708899 2318751.5130776 
80               25.1838324662174 106589.124929116 7466.27388500662 -1.5779809486441 -9.18570907569541e-17 -2.35777159626791e-17 4.24757899456878e-05 0.000416545205470879 0.37535046786821 1.25593956686019 0.622686992498115 -0.02397857041188 0                0                0                1.30010646096748e-07 5974255.59034604 -792755.135538585 2374678.89609916
90               26.2275857934874 104785.116574113 7468.46108224199 -1.57739109556158 -1.02167560001306e-16 -2.31020397535704e-17 6.1306250775531e-05 0.000601208944167861 0.384702433532479 1.26319476942064 0.625955159130573 -0.0243426579948213 0                0                0                1.87607488606647e-07 5956436.68893644 -742044.776680003 2430257.99287626
100              27.1321922940583 102953.521043492 7470.68006031111 -1.57687987809392 -1.11103500379835e-16 -2.26897777950365e-17 8.96718057040899e-05 0.000879380013408013 0.394037280146068 1.27051512355673 0.629323974752196 -0.0247031806765887 0                0                0                2.74336801113964e-07 5937743.54411553 -691225.542713509 2485480.34094351
110              27.833556230605  101094.582929992 7472.92945125999 -1.57648351846647 -1.18031757380725e-16 -2.237014083693e-17 0.000132101856399873 0.00129547667006381 0.403354270026405 1.2779027644005  0.632794947294896 -0.0250600915125823 0                0                0                4.04003161128721e-07 5918178.16781676 -640304.82419685 2540337.50483488
120              28.2638344275706 99208.5504704127 7475.20737779167 -1.57624035668275 -1.22282158313992e-16 -2.21740474724853e-17 0.000194326283239703 0.00190568984553263 0.412652641408126 1.2853598679329  0.636369634815909 -0.0254133484560183 0                0                0                5.94031742900745e-07 5897742.69744713 -589290.04673331 2594821.07405918
130              28.4077860139887 97295.6752910595 7477.51133995979 -1.57615900576893 -1.23704149857072e-16 -2.21084435188178e-17 0.000283457537775737 0.00277976886282843 0.421931606879714 1.29288865153944 0.640049646132227 -0.0257629161867639 0                0                0                8.66005925817634e-07 5876439.39814154 -538188.673785714 2648922.66032461
140              28.3218282245462 95356.2120472761 7479.83801898736 -1.57620758282803 -1.22855036257907e-16 -2.21476175979388e-17 0.00040911578991089 0.00401205536112963 0.431190351622559 1.30049137437147 0.643836641347047 -0.0261087684190144 0                0                0                1.24909504290567e-06 5854270.66569036 -487008.210422585 2702633.89383856
150              28.0696931013442 93390.4179356107 7482.18301209908 -1.57635007116867 -1.20364379351457e-16 -2.2262524709087e-17 0.000583942345390526 0.005726518201424 0.440428031347044 1.30817033740444 0.64773233220988 -0.0264508909761151 0                0                0                1.78158967689754e-06 5831239.03048961 -435756.208555519 2755946.41809416
160              27.7223757452845 91398.5520365546 7484.54045744502 -1.57654634954952 -1.16933487373322e-16 -2.24208098124459e-17 0.000825532508014665 0.00809570836972201 0.449643769842643 1.31592788309163 0.651738482248316 -0.0267892858700044 0                0                0                2.51677387793145e-06 5807347.1628719  -384440.274130789 2808851.88269961
170              27.3609932058396 89380.8744506976 7486.90235984741 -1.57675057654386 -1.13363655823047e-16 -2.25855049294913e-17 0.00116085372348328 0.0113840861673973 0.45883665591109 1.32376639437366 0.655856906542437 -0.0271239770223661 0                0                0                3.53636597576698e-06 5782597.88062886 -333068.077513103 2861341.9329703 
180              27.0417208905512 87337.6451832438 7489.25740737115 -1.57693100591775 -1.10209800116581e-16 -2.27310088916267e-17 0.00163077886868448 0.0159924775925846 0.468005739179955 1.33168829254139 0.660089470880202 -0.0274550190046614 0                0                0                4.96423016769789e-06 5756994.16043517 -281647.369739146 2913408.19348719
190              26.7653251982996 85269.1226166934 7491.58961502787 -1.57708720455857 -1.07479490943163e-16 -2.28569724231136e-17 0.0022905825082808 0.0224629409548319 0.47715002436759 1.33969603345852 0.664438090005358 -0.0277825100185095 0                0                0                6.96769795031426e-06 5730539.15497288 -230186.007021233 2965042.24331298
200              26.5267645054458 83175.5613112068 7493.87658367653 -1.57722202162346 -1.0512292582158e-16 -2.29656931745156e-17 0.00321749980138153 0.0315528944272182 0.48626846381292 1.34779210180904 0.668904724713818 -0.0281066097341515 0                0                0                9.78046865484383e-06 5703236.21712691 -178691.984703011 3016235.58199503
210              26.3205754600362 81057.2089095628 7496.08690788924 -1.57733854459956 -1.0308613632767e-16 -2.3059660993269e-17 0.00452016009167782 0.0443276279630523 0.495359947523186 1.35597900248469 0.673491377275973 -0.0284275641412147 0                0                0                1.37311438319532e-05 5675088.93449299 -127173.484840486 3066979.58236354
220              26.1415453668859 78914.3018177189 7498.17650364458 -1.57743971932117 -1.01317630090599e-16 -2.3141251493439e-17 0.00635167838524064 0.0622886868366201 0.504423289670072 1.36425924782392 0.678200084416721 -0.0287457405169549 0                0                0                1.9282860122907e-05 5646101.17895584 -75638.9434137251 3117265.42444038
230              25.9858364596004 76747.0591822723 7500.08338357137 -1.57752771461329 -9.97794966469077e-17 -2.32122136842238e-17 0.00892875201094531 0.0875611459081368 0.513457210090418 1.37263533890641 0.683032906762333 -0.0290616767533058 0                0                0                2.70912236402667e-05 5616277.1780469  -24097.1453503513 3167084.00285978
240              25.8520630978101 74555.6745040426 7501.72012632165 -1.57760331353858 -9.84580482774353e-17 -2.32731790521452e-17 0.0125605406994425 0.123176826450187 0.522460308687375 1.38110973825607 0.687991913138171 -0.0293761512584137 0                0                0                3.80921821332011e-05 5585621.61801562 27442.6406830534 3216425.79677717
250              25.741897811543  72340.3039855417 7502.96290771633 -1.57766557090533 -9.73698066726659e-17 -2.33233853646692e-17 0.0176860868601477 0.173441263707068 0.531431029543293 1.38968482992419 0.693079157254829 -0.0296902828852424 0                0                0                5.36164738204824e-05 5554139.79378716 78970.4695906429 3265280.68561849
260              25.598117657526  70101.0500573795 7503.63884905466 -1.5777468249381 -9.59495085838273e-17 -2.33889111903801e-17 0.0248534751869595 0.243729332442196 0.540367611428013 1.39836286227916 0.698296643764365 -0.030005671142163 0                0                0                7.53274045691486e-05 5521837.82363479 130475.449796606 3313637.69378125
270              25.3872569233531 67837.936652394  7503.51956696566 -1.5778659880112 -9.38665709224756e-17 -2.34850080669703e-17 0.0346809884240562 0.34010431512877 0.549268028298826 1.40714587508398 0.703646283668315 -0.0303245685387355 0                0                0                0.000105108625020882 5488722.9233524  181945.41253775  3361484.68520313
280              25.1260439710348 65550.8745832592 7502.30373407722 -1.57801360647726 -9.12862408380217e-17 -2.36040522737599e-17 0.0480441615670853 0.471152277031857 0.558129919832371 1.41603560904132 0.709129837390583 -0.0306500868031401 0                0                0                0.000145642334454074 5454803.74684745 233366.518440257 3408808.00921174
290              24.8290215298296 63239.6170687275 7499.59215609519 -1.57818146184878 -8.83521752260457e-17 -2.37394161621053e-17 0.0660825276317511 0.648048219599912 0.566950497829512 1.42503338115672 0.714748835831094 -0.0309864785719642 0                0                0                0.000200447875731256 5420090.85510434 284722.722647428 3455592.02284812
300              24.5071311313127 60903.7010991303 7494.86141155333 -1.57836337077193 -8.51724574064717e-17 -2.38861132796278e-17 0.0901776915601956 0.884341058938792 0.575726425836358 1.4341399190335  0.720504474093206 -0.0313395063954092 0                0                0                0.000273849497642217 5384597.3396848  335995.079160859 3501818.47825181
310              24.1712565791161 58542.3693738356 7487.43266362303 -1.5785531825165 -8.18546004474516e-17 -2.4039183482664e-17 0.122247674340251 1.19884015556883 0.584453672976825 1.44335515016423 0.72639747389343 -0.0317169023508582 0                0                0                0.000371931164701244 5348339.61495848 387160.883823421 3547465.78329144
320              23.8296574773941 56154.473518813  7476.4055883294  -1.57874622935801 -7.84801948861158e-17 -2.41948625703341e-17 0.16485659442763 1.61669092174372 0.59312731580679 1.45267791233005 0.732427893872048 -0.0321290003578388 0                0                0                0.000502985346276797 5311338.50882168 438192.506778288 3592508.00157406
330              23.4876621129476 53738.3511702474 7460.59427849353 -1.57893950013823 -7.51018749376087e-17 -2.43507222492855e-17 0.22135746233564 2.1707751580138  0.601741273927406 1.46210555961395 0.738594870025726 -0.0325895963041843 0                0                0                0.000678154852915613 5273620.74845267 489055.82499392  3636913.5234968 
340              23.1584289522331 51291.6700867834 7438.42443878532 -1.57912555865383 -7.18496233863296e-17 -2.45007657295885e-17 0.296514508942565 2.9078140091216  0.610287966017219 1.47163343603764 0.7448962659061  -0.0331170969105673 0                0                0                0.000913722704650325 5235220.94827767 539708.166699889 3680643.34853455
350              22.8684525565249 48811.2430360792 7407.73656276234 -1.57928943211549 -6.89851604606327e-17 -2.46329184797046e-17 0.397798582911885 3.90107147311283 0.618757816968526 1.48125412098029 0.751328171895224 -0.0337361934567198 0                0                0                0.00123588336173305 5196184.47428842 590095.367053285 3723648.63534188
360              22.650472278484  46292.8233200917 7365.42529084327 -1.57941261863435 -6.68318940768077e-17 -2.47322599903948e-17 0.537581407917828 5.27187271395737 0.627138479894433 1.49095625862049 0.757884134602496 -0.0344805268667012 0                0                0                0.00168927370253301 5156571.92518044 640147.149140722 3765866.85028559
370              22.537640436996  43730.9011793248 7306.77556516269 -1.57947638294319 -6.57173115398703e-17 -2.47836815487492e-17 0.737258749279183 7.2300385136187  0.6354135335651  1.50072263340765 0.76455389985548 -0.0353971949994861 0                0                0                0.00235397748674952 5116466.57313226 689769.442122114 3807215.35403471
380              22.5077802955889 41118.5426708115 7224.39160305714 -1.57949325771234 -6.54223452278445e-17 -2.47972898970982e-17 1.03015861167069 10.1024049491403 0.643560254267587 1.51052690832003 0.771321291095093 -0.0365546196536684 0                0                0                0.00336457957763094 5075987.09308059 738831.296761819 3847580.51163822
390              22.4681048285899 38447.2705214405 7107.00940193742 -1.57951567938603 -6.50304205541114e-17 -2.4815371444954e-17 1.46271803416311 14.3443638097257 0.651546210251349 1.52032854461734 0.778160882486866 -0.0380552521200625 0                0                0                0.00493639537184417 5035307.49962845 787144.815166631 3886801.24611253
400              22.296027791745  35707.0749887228 6938.05128551166 -1.57961292474847 -6.33305984316856e-17 -2.48937931854386e-17 2.09691535069942 20.5637149239364 0.659324554864745 1.53006552940298 0.78503317934927 -0.0400550078769924 0                0                0                0.00742509903715044 4994685.82725682 834437.196949791 3924646.70133485
410              21.8391640760292 32886.8963679681 6694.42534978661 -1.579871110724  -5.88175787682488e-17 -2.51020025340396e-17 3.00081047446789 29.4278980394406 0.666827951197043 1.53964459975342 0.791878061259045 -0.0427928747766363 0                0                0                0.0114113583863142 4954502.96703843 880314.359171096 3960788.10818704
420              20.9620901416312 29976.1365386778 6347.05723783083 -1.58036676879788 -5.01536123028338e-17 -2.55017169045927e-17 4.22780716445158 41.4606251292691 0.673962257255433 1.54893027065759 0.798607276640915 -0.046634018025503 0                0                0                0.0178796697848514 4915306.80101202 924222.517658676 3994770.9959318 
430              19.582358107129  26968.650184622  5863.08828226803 -1.58114649248579 -3.65242572286909e-17 -2.61305107839612e-17 5.78743740427542 56.7553730206376 0.680601789964257 1.55773526615887 0.805097714796965 -0.0521351107581878 0                0                0                0.0286687245948933 4877852.22249675 965418.584963307 4025997.44901922
440              17.5955865272825 23870.853907804  5216.46699598156 -1.58226927055032 -1.68984062403762e-17 -2.70359545787496e-17 7.51011319129749 73.6490515274375 0.686590551336019 1.56581904916326 0.811189974407717 -0.0601479380184356 0                0                0                0.0469634726639795 4843111.64052102 1002975.68526792 4053740.31579328
450              14.9983489794634 20712.2111433549 4411.53267855058 -1.58373703935507 8.75778776391435e-18 -2.82196098338976e-17 8.93782089620507 87.6500812917695 0.691761605333332 1.57291296711757 0.8167045871387  -0.0719715849332291 0                0                0                0.0780758308371335 4812181.80661298 1035895.72165234 4077246.51430211
460              11.9889529667926 17550.5646990007 3509.18106773543 -1.5854377299955 3.84853912330896e-17 -2.95911006350415e-17 9.42653636979801 92.4427428908796 0.695983720669176 1.578787887049   0.821486990332281 -0.0895758600215379 0                0                0                0.129998531012377 4786019.57734601 1063383.63449703 4095966.05698483
470              8.96142597523235 14459.1853071228 2624.32074671948 -1.5887642284938 3.71120306479215e-17 -4.40379340953226e-17 8.6308331319296  84.6395597332374 0.699222269368998 1.58334811988462 0.825471419237775 -0.11592460243403 0                0                0                0.212376510794855 4765062.19223757 1085207.36392749 4109832.59974083
480              6.32979997518644 11494.5186678581 1870.48647779943 -1.60101290864165 -6.21203598220814e-19 -4.48588316828558e-17 6.92999802770591 67.9600651584021 0.701568056747161 1.58668307369176 0.828718784751594 -0.155384694205623 0                0                0                0.333101181755069 4749002.07220664 1101870.50567491 4119371.87417164
490              4.31239391222151 8667.74164570589 1304.45737016097 -1.62045123043597 5.99062913302794e-17 -1.26807805736103e-17 5.02099870530768 49.2391769534056 0.703201106295347 1.58902248112938 0.831391636207422 -0.213968818537955 0                0                0                0.490276869734066 4736944.91029245 1114402.35034639 4125499.77646909
