

                   INTERNATIONAL EARTH ROTATION AND REFERENCE SYSTEMS SERVICE
                        EARTH ORIENTATION PARAMETERS
                          EOP (IERS) 08 C04

  
             FORMAT(3(I4),I7,2(F11.6),2(F12.7),2(F11.6),2(F11.6),2(F11.7),2F12.6)
**********************************************************************************
  
      Date      MJD      x          y        UT1-UTC       LOD         dX        dY        x Err     y Err   UT1-UTC Err  LOD Err     dX Err       dY Err  
                         "          "           s           s          "         "           "          "          s         s            "           "
     (0h UTC)

2012   1   1  55927   0.118700   0.263209  -0.4190307   0.0012643   0.000520  -0.000064   0.000019   0.000021  0.0000070  0.0000055    0.000134    0.000215
2012   1   2  55928   0.117478   0.262407  -0.4202660   0.0011668   0.000506  -0.000044   0.000018   0.000020  0.0000043  0.0000055    0.000107    0.000169
2012   1   3  55929   0.115947   0.261649  -0.4213914   0.0010732   0.000487  -0.000035   0.000018   0.000020  0.0000046  0.0000055    0.000080    0.000127
2012   1   4  55930   0.114546   0.260620  -0.4223894   0.0009431   0.000464  -0.000036   0.000018   0.000019  0.0000024  0.0000054    0.000056    0.000088
2012   1   5  55931   0.113261   0.260200  -0.4232747   0.0008274   0.000424  -0.000073   0.000018   0.000019  0.0000140  0.0000054    0.000076    0.000121
2012   1   6  55932   0.111438   0.259932  -0.4240546   0.0007439   0.000381  -0.000125   0.000018   0.000019  0.0000031  0.0000054    0.000109    0.000174
2012   1   7  55933   0.108883   0.259664  -0.4247816   0.0007242   0.000348  -0.000141   0.000018   0.000019  0.0000036  0.0000053    0.000109    0.000170
2012   1   8  55934   0.106429   0.258874  -0.4255338   0.0007866   0.000325  -0.000147   0.000018   0.000019  0.0000056  0.0000055    0.000096    0.000144
2012   1   9  55935   0.104225   0.258041  -0.4263648   0.0009020   0.000308  -0.000153   0.000019   0.000021  0.0000066  0.0000055    0.000083    0.000118
2012   1  10  55936   0.101787   0.257252  -0.4272859   0.0009794   0.000299  -0.000161   0.000019   0.000021  0.0000030  0.0000055    0.000071    0.000092
2012   1  11  55937   0.099783   0.256002  -0.4283517   0.0011310   0.000296  -0.000196   0.000019   0.000020  0.0000152  0.0000055    0.000082    0.000108
2012   1  12  55938   0.098374   0.255057  -0.4295936   0.0013295   0.000299  -0.000236   0.000019   0.000020  0.0000041  0.0000053    0.000097    0.000135
2012   1  13  55939   0.097330   0.254481  -0.4310036   0.0014854   0.000308  -0.000272   0.000019   0.000020  0.0000029  0.0000053    0.000113    0.000162
2012   1  14  55940   0.096133   0.254325  -0.4325201   0.0015230   0.000307  -0.000270   0.000019   0.000020  0.0000058  0.0000052    0.000109    0.000157
2012   1  15  55941   0.094902   0.254379  -0.4340233   0.0014555   0.000303  -0.000252   0.000019   0.000020  0.0000076  0.0000033    0.000098    0.000139
2012   1  16  55942   0.093576   0.254528  -0.4354233   0.0013370   0.000298  -0.000223   0.000020   0.000020  0.0000063  0.0000014    0.000031    0.000043
2012   1  17  55943   0.091710   0.254906  -0.4366664   0.0011580   0.000295  -0.000201   0.000020   0.000020  0.0000040  0.0000014    0.000029    0.000041
2012   1  18  55944   0.089569   0.254798  -0.4377220   0.0009552   0.000292  -0.000183   0.000019   0.000020  0.0000012  0.0000014    0.000028    0.000040
2012   1  19  55945   0.087373   0.254461  -0.4385853   0.0007743   0.000356  -0.000209   0.000019   0.000020  0.0000219  0.0000014    0.000040    0.000049
2012   1  20  55946   0.085428   0.254180  -0.4393168   0.0006897   0.000431  -0.000250   0.000019   0.000020  0.0000042  0.0000014    0.000056    0.000062
2012   1  21  55947   0.083249   0.254651  -0.4400245   0.0007410   0.000439  -0.000289   0.000019   0.000020  0.0000024  0.0000014    0.000063    0.000071
2012   1  22  55948   0.080627   0.254924  -0.4408023   0.0008370   0.000401  -0.000323   0.000019   0.000020  0.0000042  0.0000011    0.000065    0.000077
2012   1  23  55949   0.078598   0.255078  -0.4416951   0.0009573   0.000353  -0.000351   0.000019   0.000020  0.0000056  0.0000010    0.000068    0.000085
2012   1  24  55950   0.076541   0.255624  -0.4427049   0.0010539   0.000302  -0.000373   0.000019   0.000020  0.0000028  0.0000010    0.000070    0.000091
2012   1  25  55951   0.074227   0.255806  -0.4437962   0.0011148   0.000253  -0.000351   0.000018   0.000019  0.0000151  0.0000010    0.000079    0.000101
2012   1  26  55952   0.071900   0.256092  -0.4449204   0.0011189   0.000212  -0.000312   0.000018   0.000019  0.0000071  0.0000010    0.000088    0.000111
2012   1  27  55953   0.069358   0.256156  -0.4460334   0.0010883   0.000181  -0.000266   0.000018   0.000019  0.0000025  0.0000010    0.000098    0.000120
2012   1  28  55954   0.066770   0.256221  -0.4470732   0.0010003   0.000207  -0.000237   0.000018   0.000019  0.0000154  0.0000010    0.000089    0.000109
2012   1  29  55955   0.064294   0.256203  -0.4479982   0.0008641   0.000260  -0.000216   0.000018   0.000019  0.0000049  0.0000012    0.000073    0.000090
2012   1  30  55956   0.061824   0.255972  -0.4487993   0.0007511   0.000316  -0.000195   0.000019   0.000021  0.0000048  0.0000017    0.000056    0.000071
2012   1  31  55957   0.059292   0.255822  -0.4494656   0.0006002   0.000376  -0.000179   0.000019   0.000021  0.0000020  0.0000017    0.000041    0.000052
2012   2   1  55958   0.056906   0.255521  -0.4499897   0.0004580   0.000404  -0.000155   0.000019   0.000020  0.0000026  0.0000015    0.000036    0.000046
2012   2   2  55959   0.054725   0.255253  -0.4504155   0.0003937   0.000416  -0.000138   0.000019   0.000020  0.0000040  0.0000015    0.000035    0.000045
2012   2   3  55960   0.052998   0.254824  -0.4508189   0.0004269   0.000416  -0.000134   0.000019   0.000018  0.0000018  0.0000015    0.000034    0.000044
2012   2   4  55961   0.051408   0.254365  -0.4512567   0.0004943   0.000404  -0.000161   0.000019   0.000018  0.0000196  0.0000015    0.000038    0.000041
2012   2   5  55962   0.049333   0.254085  -0.4517747   0.0005607   0.000378  -0.000204   0.000019   0.000020  0.0000080  0.0000015    0.000043    0.000037
2012   2   6  55963   0.047368   0.254001  -0.4524402   0.0007546   0.000308  -0.000278   0.000022   0.000023  0.0000070  0.0000017    0.000030    0.000040
2012   2   7  55964   0.045706   0.254220  -0.4533091   0.0009995   0.000258  -0.000330   0.000022   0.000023  0.0000023  0.0000017    0.000028    0.000038
2012   2   8  55965   0.044328   0.254546  -0.4544131   0.0012229   0.000299  -0.000339   0.000021   0.000022  0.0000350  0.0000016    0.000034    0.000046
2012   2   9  55966   0.043192   0.255056  -0.4557227   0.0013892   0.000362  -0.000331   0.000021   0.000022  0.0000087  0.0000016    0.000042    0.000056
2012   2  10  55967   0.042172   0.255797  -0.4571640   0.0014757   0.000422  -0.000316   0.000021   0.000022  0.0000028  0.0000016    0.000050    0.000067
2012   2  11  55968   0.041276   0.256690  -0.4586395   0.0014643   0.000361  -0.000304   0.000021   0.000022  0.0000103  0.0000016    0.000049    0.000067
2012   2  12  55969   0.040311   0.257438  -0.4600560   0.0013481   0.000255  -0.000290   0.000021   0.000022  0.0000090  0.0000014    0.000046    0.000063
2012   2  13  55970   0.038861   0.258102  -0.4613256   0.0011742   0.000149  -0.000272   0.000022   0.000025  0.0000081  0.0000012    0.000043    0.000061
2012   2  14  55971   0.037082   0.258631  -0.4623763   0.0009157   0.000050  -0.000258   0.000022   0.000025  0.0000030  0.0000012    0.000041    0.000057
2012   2  15  55972   0.035700   0.259565  -0.4631795   0.0006923   0.000089  -0.000259   0.000021   0.000024  0.0000638  0.0000012    0.000040    0.000057
2012   2  16  55973   0.034328   0.260928  -0.4637969   0.0005548   0.000168  -0.000266   0.000021   0.000024  0.0000067  0.0000012    0.000040    0.000057
2012   2  17  55974   0.033052   0.261952  -0.4643422   0.0005356   0.000251  -0.000278   0.000021   0.000024  0.0000019  0.0000012    0.000040    0.000057
2012   2  18  55975   0.031627   0.263077  -0.4649159   0.0006173   0.000243  -0.000280   0.000021   0.000024  0.0000033  0.0000012    0.000052    0.000074
2012   2  19  55976   0.030595   0.263990  -0.4655836   0.0007289   0.000201  -0.000280   0.000021   0.000024  0.0000052  0.0000014    0.000068    0.000096
2012   2  20  55977   0.029688   0.265055  -0.4663655   0.0008446   0.000148  -0.000275   0.000023   0.000028  0.0000060  0.0000018    0.000085    0.000120
2012   2  21  55978   0.028345   0.265672  -0.4672390   0.0008971   0.000106  -0.000277   0.000023   0.000028  0.0000052  0.0000018    0.000101    0.000142
2012   2  22  55979   0.026675   0.266316  -0.4681516   0.0009304   0.000069  -0.000276   0.000022   0.000027  0.0000027  0.0000018    0.000116    0.000160
2012   2  23  55980   0.024689   0.267060  -0.4690540   0.0008475   0.000138  -0.000287   0.000022   0.000027  0.0000198  0.0000018    0.000091    0.000126
2012   2  24  55981   0.022814   0.267829  -0.4698906   0.0007513   0.000232  -0.000299   0.000022   0.000027  0.0000016  0.0000018    0.000055    0.000076
2012   2  25  55982   0.021568   0.268920  -0.4706253   0.0006815   0.000242  -0.000344   0.000022   0.000027  0.0000028  0.0000018    0.000049    0.000068
2012   2  26  55983   0.020597   0.270273  -0.4712585   0.0005631   0.000213  -0.000396   0.000022   0.000027  0.0000063  0.0000018    0.000055    0.000076
2012   2  27  55984   0.020119   0.271192  -0.4718084   0.0005016   0.000167  -0.000441   0.000027   0.000030  0.0000069  0.0000019    0.000061    0.000083
2012   2  28  55985   0.019720   0.271968  -0.4722734   0.0004154   0.000125  -0.000477   0.000027   0.000030  0.0000024  0.0000019    0.000067    0.000091
2012   2  29  55986   0.019069   0.273018  -0.4726379   0.0003138   0.000115  -0.000438   0.000026   0.000030  0.0000356  0.0000019    0.000085    0.000127
2012   3   1  55987   0.018798   0.274244  -0.4729194   0.0002463   0.000113  -0.000373   0.000023   0.000025  0.0000086  0.0000022    0.000113    0.000171
2012   3   2  55988   0.018937   0.275646  -0.4731884   0.0002932   0.000111  -0.000303   0.000023   0.000025  0.0000040  0.0000022    0.000141    0.000216
2012   3   3  55989   0.018563   0.277173  -0.4735285   0.0003928   0.000089  -0.000259   0.000023   0.000025  0.0000039  0.0000022    0.000136    0.000192
2012   3   4  55990   0.017782   0.278172  -0.4739946   0.0005434   0.000063  -0.000232   0.000023   0.000025  0.0000043  0.0000022    0.000120    0.000144
2012   3   5  55991   0.017387   0.279057  -0.4746191   0.0007031   0.000063  -0.000317   0.000021   0.000024  0.0000040  0.0000021    0.000114    0.000146
2012   3   6  55992   0.016938   0.279996  -0.4754440   0.0009276   0.000053  -0.000354   0.000021   0.000024  0.0000023  0.0000021    0.000103    0.000126
2012   3   7  55993   0.015713   0.280781  -0.4764778   0.0011170   0.000055  -0.000372   0.000021   0.000023  0.0000253  0.0000021    0.000089    0.000107
2012   3   8  55994   0.014414   0.281463  -0.4776973   0.0012909   0.000064  -0.000383   0.000021   0.000023  0.0000110  0.0000021    0.000072    0.000087
2012   3   9  55995   0.013219   0.282526  -0.4790665   0.0014230   0.000076  -0.000390   0.000021   0.000023  0.0000027  0.0000021    0.000056    0.000068
2012   3  10  55996   0.012112   0.283779  -0.4805270   0.0014563   0.000089  -0.000393   0.000021   0.000023  0.0000048  0.0000021    0.000054    0.000065
2012   3  11  55997   0.011081   0.285000  -0.4819953   0.0014503   0.000101  -0.000387   0.000021   0.000023  0.0000064  0.0000021    0.000056    0.000069
2012   3  12  55998   0.009693   0.286339  -0.4833724   0.0012916   0.000111  -0.000366   0.000022   0.000024  0.0000076  0.0000023    0.000060    0.000074
2012   3  13  55999   0.008716   0.287402  -0.4846160   0.0011775   0.000115  -0.000333   0.000022   0.000024  0.0000076  0.0000023    0.000062    0.000077
2012   3  14  56000   0.007787   0.288851  -0.4857658   0.0011305   0.000113  -0.000287   0.000021   0.000023  0.0000023  0.0000022    0.000066    0.000081
2012   3  15  56001   0.006396   0.290088  -0.4868843   0.0011365   0.000123  -0.000261   0.000021   0.000023  0.0000239  0.0000022    0.000051    0.000067
2012   3  16  56002   0.004961   0.291305  -0.4880525   0.0012366   0.000131  -0.000237   0.000021   0.000023  0.0000022  0.0000022    0.000033    0.000048
2012   3  17  56003   0.003408   0.292453  -0.4893520   0.0013827   0.000134  -0.000231   0.000021   0.000023  0.0000060  0.0000022    0.000032    0.000048
2012   3  18  56004   0.001664   0.293818  -0.4907959   0.0014974   0.000132  -0.000232   0.000021   0.000023  0.0000098  0.0000022    0.000039    0.000056
2012   3  19  56005  -0.000066   0.295068  -0.4923400   0.0015768   0.000127  -0.000233   0.000021   0.000024  0.0000088  0.0000023    0.000045    0.000064
2012   3  20  56006  -0.001503   0.295981  -0.4939230   0.0015941   0.000118  -0.000230   0.000021   0.000024  0.0000033  0.0000023    0.000052    0.000071
2012   3  21  56007  -0.002628   0.296959  -0.4954831   0.0015507   0.000104  -0.000200   0.000020   0.000023  0.0000308  0.0000022    0.000047    0.000066
2012   3  22  56008  -0.003668   0.298210  -0.4969786   0.0014646   0.000091  -0.000163   0.000020   0.000023  0.0000074  0.0000022    0.000040    0.000057
2012   3  23  56009  -0.004461   0.299582  -0.4983959   0.0013760   0.000078  -0.000125   0.000020   0.000023  0.0000032  0.0000022    0.000033    0.000048
2012   3  24  56010  -0.004601   0.300921  -0.4997354   0.0013061   0.000129  -0.000121   0.000020   0.000023  0.0000040  0.0000022    0.000031    0.000045
2012   3  25  56011  -0.005048   0.302625  -0.5009856   0.0012063   0.000203  -0.000130   0.000020   0.000023  0.0000065  0.0000018    0.000031    0.000045
2012   3  26  56012  -0.005769   0.303991  -0.5021345   0.0011041   0.000295  -0.000150   0.000020   0.000024  0.0000060  0.0000015    0.000030    0.000043
2012   3  27  56013  -0.006669   0.305064  -0.5031977   0.0010361   0.000361  -0.000174   0.000020   0.000024  0.0000022  0.0000015    0.000030    0.000042
2012   3  28  56014  -0.007584   0.305823  -0.5042043   0.0010024   0.000324  -0.000259   0.000019   0.000023  0.0000037  0.0000015    0.000043    0.000058
2012   3  29  56015  -0.008111   0.307058  -0.5051893   0.0009960   0.000254  -0.000355   0.000019   0.000023  0.0000051  0.0000015    0.000057    0.000076
2012   3  30  56016  -0.008824   0.308790  -0.5061999   0.0010312   0.000176  -0.000439   0.000019   0.000023  0.0000024  0.0000015    0.000072    0.000093
2012   3  31  56017  -0.009569   0.310658  -0.5072863   0.0011621   0.000149  -0.000438   0.000019   0.000023  0.0000018  0.0000015    0.000076    0.000103
2012   4   1  56018  -0.010272   0.312753  -0.5085085   0.0013212   0.000142  -0.000392   0.000019   0.000023  0.0000044  0.0000018    0.000077    0.000111
2012   4   2  56019  -0.011351   0.314853  -0.5098935   0.0014645   0.000136  -0.000317   0.000020   0.000023  0.0000059  0.0000023    0.000068    0.000114
2012   4   3  56020  -0.012264   0.316855  -0.5114393   0.0016464   0.000140  -0.000253   0.000020   0.000023  0.0000029  0.0000023    0.000068    0.000121
2012   4   4  56021  -0.012896   0.318655  -0.5131549   0.0017876   0.000264  -0.000234   0.000019   0.000022  0.0000241  0.0000023    0.000072    0.000128
2012   4   5  56022  -0.013364   0.320312  -0.5149928   0.0018599   0.000415  -0.000232   0.000019   0.000022  0.0000019  0.0000023    0.000076    0.000134
2012   4   6  56023  -0.013715   0.322168  -0.5168595   0.0018563   0.000421  -0.000251   0.000019   0.000022  0.0000202  0.0000023    0.000072    0.000129
2012   4   7  56024  -0.013652   0.324149  -0.5186314   0.0016680   0.000362  -0.000280   0.000021   0.000022  0.0000088  0.0000023    0.000066    0.000120
2012   4   8  56025  -0.013097   0.325975  -0.5202021   0.0014264   0.000289  -0.000309   0.000021   0.000022  0.0000079  0.0000023    0.000060    0.000110
2012   4   9  56026  -0.012284   0.327886  -0.5215395   0.0012179   0.000207  -0.000296   0.000020   0.000023  0.0000069  0.0000023    0.000053    0.000102
2012   4  10  56027  -0.011627   0.330100  -0.5226753   0.0010577   0.000112  -0.000322   0.000020   0.000023  0.0000046  0.0000023    0.000047    0.000093
2012   4  11  56028  -0.010886   0.332532  -0.5236983   0.0009927   0.000018  -0.000346   0.000020   0.000022  0.0000028  0.0000022    0.000038    0.000083
2012   4  12  56029  -0.009896   0.334821  -0.5247296   0.0010518  -0.000003  -0.000367   0.000020   0.000022  0.0000184  0.0000022    0.000027    0.000058
2012   4  13  56030  -0.008876   0.337102  -0.5258404   0.0011597   0.000004  -0.000382   0.000020   0.000022  0.0000026  0.0000022    0.000014    0.000029
2012   4  14  56031  -0.008011   0.339146  -0.5270311   0.0012156   0.000001  -0.000389   0.000020   0.000022  0.0000041  0.0000022    0.000014    0.000028
2012   4  15  56032  -0.007230   0.341115  -0.5282793   0.0012592   0.000002  -0.000387   0.000020   0.000022  0.0000066  0.0000022    0.000019    0.000037
2012   4  16  56033  -0.006329   0.342951  -0.5295673   0.0013069   0.000012  -0.000375   0.000020   0.000023  0.0000048  0.0000024    0.000027    0.000047
2012   4  17  56034  -0.005199   0.344926  -0.5308783   0.0013224   0.000030  -0.000365   0.000020   0.000023  0.0000015  0.0000024    0.000033    0.000056
2012   4  18  56035  -0.004236   0.347145  -0.5321965   0.0013050   0.000049  -0.000340   0.000022   0.000024  0.0000216  0.0000024    0.000035    0.000059
2012   4  19  56036  -0.003430   0.349499  -0.5334911   0.0012692   0.000068  -0.000312   0.000022   0.000024  0.0000034  0.0000024    0.000036    0.000061
2012   4  20  56037  -0.002859   0.351929  -0.5347248   0.0011976   0.000088  -0.000285   0.000022   0.000024  0.0000015  0.0000024    0.000038    0.000064
2012   4  21  56038  -0.002364   0.354154  -0.5358613   0.0010735   0.000084  -0.000298   0.000022   0.000024  0.0000184  0.0000024    0.000034    0.000058
2012   4  22  56039  -0.001494   0.356002  -0.5368881   0.0009847   0.000070  -0.000325   0.000022   0.000024  0.0000048  0.0000024    0.000029    0.000048
2012   4  23  56040  -0.000272   0.357958  -0.5378074   0.0008768   0.000053  -0.000345   0.000022   0.000026  0.0000056  0.0000102    0.000024    0.000040
2012   4  24  56041   0.000653   0.359920  -0.5386339   0.0007777   0.000033  -0.000357   0.000022   0.000026  0.0000020  0.0000102    0.000018    0.000030
2012   4  25  56042   0.001379   0.361760  -0.5394047   0.0007599   0.000097  -0.000332   0.000021   0.000026  0.0000238  0.0000100    0.000051    0.000046
2012   4  26  56043   0.002156   0.363391  -0.5401645   0.0007562   0.000179  -0.000290   0.000021   0.000026  0.0000078  0.0000100    0.000095    0.000069
2012   4  27  56044   0.003382   0.364806  -0.5409514   0.0008113   0.000255  -0.000242   0.000021   0.000026  0.0000102  0.0000100    0.000138    0.000091
2012   4  28  56045   0.004355   0.366218  -0.5417935   0.0008890   0.000002   0.000002   0.000021   0.000026  0.0000085  0.0000099    0.000087    0.000081
2012   4  29  56046   0.005295   0.367419  -0.5427026   0.0009543   0.000002   0.000002   0.000021   0.000026  0.0000075  0.0000099    0.000065    0.000075
2012   4  30  56047   0.006321   0.368720  -0.5436860   0.0010777  -0.000016  -0.000254   0.000022   0.000027  0.0000081  0.0000104    0.000034    0.000061
2012   5   1  56048   0.007701   0.369896  -0.5448627   0.0012836  -0.000072  -0.000241   0.000022   0.000027  0.0000060  0.0000104    0.000034    0.000061
2012   5   2  56049   0.009214   0.370867  -0.5462259   0.0014206  -0.000130  -0.000252   0.000021   0.000026  0.0000038  0.0000099    0.000039    0.000071
2012   5   3  56050   0.010546   0.371897  -0.5476981   0.0014781  -0.000174  -0.000257   0.000021   0.000026  0.0000011  0.0000095    0.000042    0.000076
2012   5   4  56051   0.011863   0.373233  -0.5491911   0.0014524  -0.000124  -0.000430   0.000021   0.000026  0.0000003  0.0000099    0.000029    0.000053
2012   5   5  56052   0.013328   0.374713  -0.5505806   0.0013560  -0.000128  -0.000496   0.000021   0.000026  0.0000124  0.0000101    0.000029    0.000050
2012   5   6  56053   0.015115   0.376289  -0.5519143   0.0011972  -0.000156  -0.000490   0.000021   0.000026  0.0000108  0.0000097    0.000035    0.000058
2012   5   7  56054   0.016308   0.378006  -0.5529813   0.0009654  -0.000176  -0.000452   0.000021   0.000029  0.0000082  0.0000099    0.000039    0.000065
2012   5   8  56055   0.016994   0.379387  -0.5538805   0.0008582  -0.000188  -0.000415   0.000021   0.000029  0.0000023  0.0000095    0.000045    0.000072
2012   5   9  56056   0.017569   0.380756  -0.5546775   0.0008585  -0.000164  -0.000381   0.000020   0.000027  0.0000084  0.0000087    0.000039    0.000065
2012   5  10  56057   0.017690   0.381913  -0.5555654   0.0008893  -0.000129  -0.000348   0.000020   0.000027  0.0000094  0.0000087    0.000032    0.000055
2012   5  11  56058   0.017780   0.382703  -0.5564987   0.0009321  -0.000094  -0.000313   0.000020   0.000027  0.0000021  0.0000090    0.000024    0.000045
2012   5  12  56059   0.018358   0.383365  -0.5574634   0.0009890  -0.000051  -0.000324   0.000020   0.000027  0.0000147  0.0000093    0.000022    0.000042
2012   5  13  56060   0.019698   0.384038  -0.5584999   0.0010488  -0.000011  -0.000353   0.000020   0.000027  0.0000130  0.0000089    0.000021    0.000041
2012   5  14  56061   0.021579   0.384748  -0.5595554   0.0010784   0.000021  -0.000379   0.000018   0.000021  0.0000075  0.0000086    0.000021    0.000041
2012   5  15  56062   0.023673   0.385619  -0.5606062   0.0010969   0.000040  -0.000404   0.000016   0.000018  0.0000026  0.0000086    0.000021    0.000041
2012   5  16  56063   0.025895   0.386691  -0.5617379   0.0010618  -0.000032  -0.000384   0.000015   0.000020  0.0000114  0.0000082    0.000029    0.000040
2012   5  17  56064   0.027811   0.387502  -0.5626890   0.0009536  -0.000129  -0.000346   0.000015   0.000020  0.0000068  0.0000079    0.000041    0.000040
2012   5  18  56065   0.029234   0.388335  -0.5636053   0.0008258  -0.000223  -0.000299   0.000017   0.000022  0.0000037  0.0000078    0.000053    0.000040
2012   5  19  56066   0.030346   0.388884  -0.5643392   0.0006682  -0.000226  -0.000250   0.000019   0.000025  0.0000060  0.0000080    0.000053    0.000037
2012   5  20  56067   0.031434   0.389058  -0.5649455   0.0005017  -0.000186  -0.000199   0.000017   0.000022  0.0000061  0.0000078    0.000047    0.000034
2012   5  21  56068   0.032275   0.389282  -0.5653980   0.0004082  -0.000137  -0.000147   0.000016   0.000022  0.0000118  0.0000074    0.000042    0.000031
2012   5  22  56069   0.033210   0.389771  -0.5657928   0.0004042  -0.000078  -0.000097   0.000016   0.000022  0.0000061  0.0000074    0.000037    0.000027
2012   5  23  56070   0.034221   0.390526  -0.5661696   0.0004037  -0.000073  -0.000096   0.000015   0.000021  0.0000111  0.0000074    0.000035    0.000029
2012   5  24  56071   0.035455   0.391205  -0.5665821   0.0004431  -0.000082  -0.000117   0.000015   0.000021  0.0000075  0.0000074    0.000040    0.000033
2012   5  25  56072   0.037074   0.391898  -0.5670903   0.0005170  -0.000093  -0.000149   0.000015   0.000021  0.0000039  0.0000074    0.000045    0.000037
2012   5  26  56073   0.039082   0.392483  -0.5677077   0.0006670  -0.000100  -0.000185   0.000015   0.000021  0.0000159  0.0000073    0.000046    0.000038
2012   5  27  56074   0.041109   0.393177  -0.5684351   0.0008057  -0.000108  -0.000221   0.000015   0.000021  0.0000142  0.0000073    0.000045    0.000038
