2	0.57735026918962573105886804114562
3	0.77459666924148340427791481488384
4	0.33998104358485625731134405214107	0.86113631159405257253780519022257
5	0.53846931010568310771446931539685	0.90617984593866396370032134655048
6	0.66120938646626448154108857124811	0.23861918608319690471297747080826	0.93246951420315205005806546978420
7	0.40584515137739718415588185962406	0.74153118559939446008399954735069	0.94910791234275848626822380538215
8	0.18343464249564980783624434934609	0.52553240991632899081764662696514	0.79666647741362672796583410672611	0.96028985649753628717206765941228
9	0.83603110732663576953882511588745	0.96816023950762608585307589237345	0.32425342340380891581474998019985	0.61337143270059035771168964856770
10	0.14887433898163121570590305964288	0.43339539412924721339948064269265	0.67940956829902443558921731892042	0.86506336668898453634568568304530	0.97390652851717174343093574861996
11	0.26954315595234495939180874302110	0.51909612920681180714410629661870	0.73015200557404935644001398031833	0.88706259976809531675456810262403	0.97822865814605697298844688702957
12	0.12523340851146891328227184203570	0.36783149899818018413455433801573	0.58731795428661748292853417297010	0.76990267419430469253427418152569	0.90411725637047490877762356831226	0.98156063424671924355635610481841
13	0.23045831595513480150039242744242	0.44849275103644686835124844037637	0.64234933944034022790248172896099	0.80157809073330987814642867306247	0.91759839922297792291772111639148	0.98418305471858813504582030873280
14	0.10805494870734366763542766420869	0.31911236892788974461865336706978	0.51524863635815409956819621584145	0.68729290481168547888302100545843	0.82720131506976501967187687114347	0.92843488366357351804225572777796	0.98628380869681231413181876632734
15	0.20119409399743451438702379618917	0.39415134707756338539041962576448	0.57097217260853883047388990235049	0.72441773136017006962106279388536	0.84820658341042720618219163952745	0.93727339240070595138831777148880	0.98799251802048537740574829513207
16	0.09501250983763744051291411096827	0.28160355077925891542633962671971	0.45801677765722736968001527202432	0.61787624440264377057019373751245	0.75540440835500299865401530041709	0.86563120238783175519614587756223	0.94457502307323260026805655797943	0.98940093499164993851024973992025
17	0.17848418149584785452610447009647	0.35123176345387630004069023925695	0.51269053708647693845534831780242	0.65767115921669072609034856213839	0.78151400389680136804315679910360	0.88023915372698591230715692290687	0.95067552176876779501668579541729	0.99057547531441736410329212958459
18	0.08477501304173530594088248335538	0.25188622569150548313743342987436	0.41175116146284262974575085536344	0.55977083107394753902497086528456	0.69168704306035322382228969217977	0.80370495897252314243530690873740	0.89260246649755570214068711720756	0.95582394957139771296539265676984	0.99156516842093089803000793835963
19	0.16035864564022536682408315300563	0.31656409996362983028106441452110	0.46457074137596093832414112512197	0.60054530466168098978840816926095	0.72096617733522938564760806912091	0.82271465653714281884845149761532	0.90315590361481790093733934554621	0.96020815213483001748784317896934	0.99240684384358435199402492798981
20	0.07652652113349733831171306519536	0.22778585114164506819633970735595	0.37370608871541954876249747030670	0.51086700195082712649963241346995	0.63605368072651502497905084965168	0.74633190646015079572350714443019	0.83911697182221878232866174585070	0.91223442825132594613535275129834	0.96397192727791380928437092734384	0.99312859918509488466042967047542
21	0.14556185416089509332415730114008	0.28802131680240111721857942939096	0.42434212020743877769035634628381	0.55161883588721982718539038614836	0.66713880419741233840369432073203	0.76843996347567788962606982750003	0.85336336458331729648563168666442	0.92009933415040079385249782717437	0.96722683856630631282769172685221	0.99375217062038945226021269263583
22	0.06973927331972222531941696388458	0.20786042668822127255090492781164	0.34193582089208424124038288027805	0.46935583798675700739622129731288	0.58764040350691160163876247679582	0.69448726318668274615220070700161	0.78781680597920811237599991727620	0.86581257772030018049491673082230	0.92695677218717398293534870390431	0.97006049783542869224817195572541	0.99429458548239924020606395060895
23	0.13325682429846610888013458406931	0.26413568097034495485431193628756	0.39030103803029081444009307233500	0.50950147784600752220995900643175	0.61960987576364612294810285675339	0.71866136313195017049082480298239	0.80488840161883989932078975471086	0.87675235827044162295607065971126	0.93297108682601614937368594837608	0.97254247121811521203937900281744	0.99476933499755215706272792886011
24	0.06405689286260562997910028570914	0.19111886747361631067043674647721	0.31504267969616339684080230654217	0.43379350762604512725673089335032	0.54542147138883956269950203932240	0.64809365193697554552443307329668	0.74012419157855435791759646235732	0.82000198597390294708020519465208	0.88641552700440107148693869021372	0.93827455200273279789513480864116	0.97472855597130947380435372906504	0.99518721999702131064680088456953
25	0.12286469261071039649202418786444	0.24386688372098844213020640836476	0.36117230580938786133060602878686	0.47300273144571497452304242870014	0.57766293024122294941236077647773	0.67356636847346840202277462594793	0.75925926303735757905144510004902	0.83344262876083397006965469699935	0.89499199787827532492912041561794	0.94297457122897432313379795232322	0.97666392145951752556953806561069	0.99555696979049812522788442947785
26	0.05923009342931320753145030266751	0.17685882035689018398905147932965	0.29200483948595690186778028873960	0.40305175512348628830139318779402	0.50844071482450570176325754800928	0.60669229301761806727455450527486	0.69642726041995728358813266822835	0.77638594882067890612376004355610	0.84544594278849805046860410584486	0.90263786198430706608775153654278	0.94715906666171423289313224813668	0.97838544595647103374602693293127	0.99588570114561691948296129339724
27	0.11397258560952996941928461183124	0.22645936543953684716434793244844	0.33599390363850889507091324048815	0.44114825175002686519221128946810	0.54055156457945685577470840144088	0.63290797194649517365405699820258	0.71701347373942370122534839538275	0.79177163907050818192345786883379	0.85620790801829449456761267356342	0.90948232067749112950139078748180	0.95090055781470506079955384848290	0.97992347596150120025981777871493	0.99617926288898861475473722748575
28	0.05507928988403427289499703078945	0.16456928213338076205651816508180	0.27206162763517810487812198516622	0.37625151608907869693609882233432	0.47587422495511827458258835576999	0.56972047181140172966706813895144	0.65665109403886501304725697991671	0.73561087801363178595437375406618	0.80564137091717913374822046534973	0.86589252257439508486669410558534	0.91563302639213206557400326346396	0.95425928062893816683498471320490	0.98130316537087269868067096467712	0.99644249757395442212981606644462
29	0.10627823013267923002445058955345	0.21135228616600107431899857601820	0.31403163786763993448047926904110	0.41315288817400863674578204154386	0.50759295512422764051763124371064	0.59628179713822782037624392614816	0.67821453760268646249187440844253	0.75246285173447713390260105370544	0.81818548761525244916725796429091	0.87463780492010279044023945971276	0.92118023295305873077154501515906	0.95728559577808769454065895843087	0.98254550526141315458517055958509	0.99667944226059657086835841255379
30	0.05147184255531769836444766497152	0.15386991360858354171980977298517	0.25463692616788985434439496202685	0.35270472553087811595773359840678	0.44703376953808915406085588983842	0.53662414814201986335007177331136	0.62052618298924289153006839114823	0.69785049479331584532104670870467	0.76777743210482618518852859779145	0.82956576238276835688623123132857	0.88256053579205273607044546224643	0.92620004742927430907428743012133	0.96002186496830754780518191182637	0.98366812327974717522494074728456	0.99689348407464950518885871133534
31	0.09955531215234152131454692380430	0.19812119933557062467777143410785	0.29471806998170163582884129027661	0.38838590160823294183956022607163	0.47819378204490248229774351784727	0.56324916140714931245270236104261	0.64270672292426034299950288186665	0.71577678458685323192867144825868	0.78173314841662489005358338545193	0.83992032014626738511964276767685	0.88976002994827108061315357190324	0.93075699789664811945044675667305	0.96250392509294968590438656974584	0.98468590966515245899159936016076	0.99708748181947703947969330329215
32	0.04830766568773831731720136417607	0.14447196158279648758870905567164	0.23928736225213706467762619922723	0.33186860228212766710242931367247	0.42135127613063533269510685386194	0.50689990893222935941508922041976	0.58771575724076230429204770189244	0.66304426693021523142590467614355	0.73218211874028971131167509156512	0.79448379596794238555190759143443	0.84936761373256997043057481278083	0.89632115576605209117388994854991	0.93490607593773966677019870985532	0.96476225558750638988669834361644	0.98561151154526838169545044365805	0.99726386184948156987672973627923
33	0.09363106585473338072667104370339	0.18643929882799156749761948503874	0.27760909715249704188266832716181	0.36633925774807335473681746407237	0.45185001727245072133953840420872	0.53338990478634762393284063364263	0.61024234583637904094643999997061	0.68173195996974278454416662498261	0.74723049644956218706681738694897	0.80616235627416654718757627051673	0.85800965267650408652144733423484	0.90231676774343361202568303269800	0.93869437261116839277264034535619	0.96682290968999273772510605340358	0.98645572623064248229951544999494	0.99742469424645519016081607333035
34	0.04550982195310254024844809350725	0.13615235725918298226311264897959	0.22566669161644947738665223369026	0.31331108133946322658047733966669	0.39835927775864593547439085341466	0.48010654519032702758352115779417	0.55787550066974667117847275221720	0.63102172708052850502724595571635	0.69893911321626289723241143292398	0.76106487662987298836725358341937	0.81688422790093362380048347404227	0.86593463833456452150016957602929	0.90780967771832443702351156389341	0.94216239740510709932408417444094	0.96870826253334429978281150397379	0.98722781640630952182391411042772	0.99757175379084195299128623446450
35	0.08837134327565926428249554192007	0.17605106116598956411678500444395	0.26235294120929603112202244119544	0.34660155443081391846149585944659	0.42813754151781424628353533989866	0.50632277324148866615161068693851	0.58054534474976449143213130810182	0.65022436466589039749663925249479	0.71481450155662873413575653103180	0.77381025228691258099900096567580	0.82674989909222540429567516184761	0.87321912502522236465551941364538	0.91285426135931757585240120533854	0.94534514820782733490744931259542	0.97043761603922984448900024290197	0.98793576444385144963433731390978	0.99770656909960031555328896502033
36	0.04301819847370860760982225201587	0.12873610380938479980095223709213	0.21350089231686558699507827441266	0.29668499534402825723589103290578	0.37767254711968922809006699026213	0.45586394443342026505661124247126	0.53068028592624516548426072404254	0.60156765813598056524824642110616	0.66800123658552101879593010380631	0.72948917159355652906072009500349	0.78557623013220656549293607895379	0.83584716699247529891891872466658	0.87992980089039718460952599343727	0.91749777451565905916908150175004	0.94827298439950757913408097010688	0.97202769104969799496274163175258	0.98858647890221218457185159422806	0.99783046248408580058963934789062
37	0.08367040895476990369772352096334	0.16675393023985196627734239882557	0.24866779279136574931641234798008	0.32883742988370701088030045866617	0.40670050931832613105854079549317	0.48171087780320553939361616357928	0.55334239186158173939844573396840	0.62109260840892444033300989758573	0.68448630913095931393996806946234	0.74307883398196528101919966502464	0.79645920050990226535247984429589	0.84425298734055598259828911977820	0.88612496215548608446965772600379	0.92178143741246376663411865592934	0.95097234326209478805225217001862	0.97349303005648579745212600755622	0.98918596321431917495203833823325	0.99794458247791362204281995218480
38	0.04078514790457823946390192304534	0.12208402533786741339660864014149	0.20257045389211669750295641279081	0.28170880979016527101421729639696	0.35897244047943499545283430052223	0.43384716943237650044196129783813	0.50583471792793111010411166716949	0.57445602104780713048626239469741	0.63925441582968167697487160694436	0.69979868037918435685895701681147	0.75568590375397071134955240268027	0.80654416760531677521584015266853	0.85203502193236213546612134450697	0.89185573900463221974632688215934	0.92574133204858444212703716402757	0.95346633093352961552113811194431	0.97484632859015352135401144550997	0.98973945426638554323517382727005	0.99804993053568757943594391690567
39	0.07944380460875548333188334027000	0.15838533999783779848691267488903	0.23632551246183577942083786638250	0.31277155924818594856517961488862	0.38724016397156146851443736522924	0.45926051230913605971650781611970	0.52837726866043743800815946087823	0.59415345495727800440022292605136	0.65617321343201095995567584395758	0.71404443589453470142558444422320	0.76740124293106348751791756512830	0.81590629743014309038784404037870	0.85925293799990620779993832911714	0.89716711929299286509831290459260	0.92940914848673827908243083584239	0.95577521232465223466334691693191	0.97609870933347109289712761892588	0.99025153685468603192987302463735	0.99814738306643291387842964468291
40	0.03877241750605082276637247673534	0.11608407067525521039197400341436	0.19269758070137110728126117464853	0.26815218500725368500070544541813	0.34199409082575848994878242592677	0.41377920437160498057238555702497	0.48307580168617869631475514324848	0.54946712509512818378709653188707	0.61255388966798018923753943454358	0.67195668461417956685011176887201	0.72731825518992709866950008290587	0.77830565142651941812346194637939	0.82461223083331169902976398589090	0.86595950321225945156555781068164	0.90209880696887434492481361303362	0.93281280827867651961327055687434	0.95791681921379168151986505108653	0.97725994998377430089675499402802	0.99072623869945697361316661044839	0.99823770971055925116388607420959
41	0.07562325898916300026542103296379	0.15081335486399216616604235241539	0.22513960563342277909626432119694	0.29817627734182489129821647111385	0.36950502264048146194852506596362	0.43871727705140706188302601731266	0.50541659919940606915389480491285	0.56922094161021585811965906032128	0.62976483907219626967588510524365	0.68670150203495128327091379105696	0.73970480306992614227823423789232	0.78847114504740933860205132077681	0.83272120040136132779196032061009	0.87220151169244142241865347386920	0.90668594475810115884684137199656	0.93597698749785385174959628784563	0.95990689173034626779923428330221	0.97833867356108339397025019934517	0.99116710969901633543344132704078	0.99832158857477149016546036364161
42	0.03694894316535177886118290757622	0.11064502720851987493944079687935	0.18373680656485455453541533188400	0.25582507934287906925518996104074	0.32651612446541150580614498721843	0.39542385204297503253911827414413	0.46217191207042190859155539328640	0.52639574993119231383076339625404	0.58774459748510932133314099701238	0.64588338886924778758924503563321	0.70049459055617124825232622242766	0.75127993568948048253020033371286	0.79796205325548741349450665438781	0.84028598326181691557934527736506	0.87802056981217269093775712462957	0.91095972490412746580545899632853	0.93892355735498822522089312769822	0.96175936533820449714227152071544	0.97934250806374822939659452458727	0.99157728834086089619859194499440	0.99839961899006246515142493080930
43	0.07215299087458623694679715754319	0.14392980951071332462731788837118	0.21495624486051820301035775173659	0.28486199803291362142587672678928	0.35328261286430379106704435798747	0.41986137602926926204460755798209	0.48425117678573470492153774102917	0.54611631666008475516349562894902	0.60513425963960099096539124730043	0.66099731375149817225178594526369	0.71341423526895708651096583707840	0.76211174719495511364897311068489	0.80683596413693858817595128130051	0.84735371620931509983876139813219	0.88345376521861684881997689444688	0.91494790720613872192501503377571	0.94167195684763782548287736062775	0.96348661301408000667834130581468	0.98027822098025529928833066151128	0.99195955759324416778355271162582	0.99847233224250775407426772289909
44	0.03528923696413535648908066377771	0.10569190170865325195670436642104	0.17556801477551678414279479056859	0.24456945692820125648481166535930	0.31235246650278580826665120184771	0.37857935201470716002347671746975	0.44292017452541149191702629650536	0.50505439138820229505455472462927	0.56467245318547076848858523590025	0.62147734590357583961406362504931	0.67518607066612235101388250768650	0.72553105366071701798347248768550	0.77226147924875587769122375902953	0.81514453964513500228150633120094	0.85396659500471039372371251374716	0.88853423828604316536683427329990	0.91867525998417576271748430372099	0.94423950911819409803626967914170	0.96509965042249312716649001231417	0.98115183307791398181763042884995	0.99231639213851585701320345833665	0.99854020063677417784475665030186
45	0.06898698016314416814331877958466	0.13764520598325302724873608894995	0.20564748978326374828640155101311	0.27266976975237755542735840208479	0.33839265425060216507802124397131	0.40250294385854190615248171525309	0.46469512391963507802472577168373	0.52467282046291607855437177931890	0.58215021256935317595093692943919	0.63685339445322330931276155752130	0.68852168077120057265716468464234	0.73690884894549035788458013485069	0.78178431259390623875304981993395	0.82293422050208631102208300944767	0.86016247596066419678351167021901	0.89329167175324175609318899660138	0.92216393671900043216282938374206	0.94664169099562911480205684711109	0.96660831039689465438158322285744	0.98196871503454052909631855072803	0.99264999844720369637229850923177	0.99860364518193667215939512971090
46	0.03377219001605204218297018314843	0.10116247530558424017055330068615	0.16809117946710352975436819633615	0.23425292220626978134667695030657	0.29934582270186999020111784375331	0.36307287702099572124225801417197	0.42514331328282839450594110530801	0.48527391838816463787154020792514	0.54319033026180263412641124887159	0.59862828971271520028807344715460	0.65133484620199766368386917747557	0.70106951202040568293938349597738	0.74760535961566609852724241136457	0.79073005707527421748181950533763	0.83024683706606605682054578210227	0.86597539486685803922227933071554	0.89775271153394198275776716400287	0.92543379880675391557787179408479	0.94889236344608984818904673375073	0.96802139185399194154513224930270	0.98273366980416687610500048322137	0.99296234890617440793647574537317	0.99866304213381795751303116048803
47	0.06608692391635567764396341772226	0.13188486655451489570900491798966	0.19710611027911181802885209890519	0.26146545921497454934012694138801	0.32468148633773591393847368635761	0.38647776408466716357992254415876	0.44658407310485570551605860600830	0.50473758386357792105059161258396	0.56068400593466416470533886240446	0.61417869995637364155527393450029	0.66498774739033272851429501315579	0.71288897340906431931983888716786	0.75767291844543860346306018982432	0.79914375416774197091740461473819	0.83712013989990208262526039106888	0.87143601579689633496172973536886	0.90194132943852534101125684173894	0.92850269301236065810911668449990	0.95100396925770847023073883974575	0.96934678732656454069882556723314	0.98345100307162369723812389565865	0.99325521098776858863743655092549	0.99871872858421206764489852503175
48	0.03238017096286936041815707199021	0.09700469920946269697381580954243	0.16122235606889170900224428351066	0.22476379039468905030041412373976	0.28736248735545555366144299114239	0.34875588629216075498007398891787	0.40868648199071672122428822149232	0.46690290475095841404851171319024	0.52316097472223299646998384559993	0.57722472608397268345470365602523	0.62886739677651359858856494611246	0.67787237963266389062511052543414	0.72403413092381463389557438858901	0.76715903251574035781601423877873	0.80706620402944262426814248101437	0.84358826162439348728128152288264	0.87657202027424785395481876548729	0.90587913671556963279840601899195	0.93138669070655433213090645949706	0.95298770316043091010982379884808	0.97059159254624727264371131241205	0.98412458372282685115095546279917	0.99353017226635076397656121116597	0.99877100725242606849008097924525
49	0.06342068498268678411466936495344	0.12658599726967204035510405901732	0.18924159246181357363347785849328	0.25113517861257728114310339151416	0.31201753211974875279466346000845	0.37164350126228490323043729404162	0.42977299334157653687427114164166	0.48617194145249204018099931090546	0.54061324699172608188035837883945	0.59287769410890067689479110413231	0.64275483241923769828218837574241	0.69004382442513212403412126150215	0.73455425423740272616868196564610	0.77610689434544666287507652668864	0.81453442735985548406318912384450	0.84968211984416575077716515806969	0.88140844557300890294015971448971	0.90958565582807326954650761763332	0.93410029475581013436169541819254	0.95485365867413718454770332755288	0.97176220090155540631826625030953	0.98475789591421303281748578228871	0.99378866194416781709719543869141	0.99882015060663542627139577234630
50	0.03109833832718887636215043812626	0.09317470156008614279308233108168	0.15489058999814589445698231884307	0.21600723687604175826670882543112	0.27628819377953200975284175910929	0.33550024541943734845972358016297	0.39341431189756514985589319621795	0.44980633497403876841502778916038	0.50445814490746421210332073314930	0.55715830451465009343081646875362	0.60770292718495022565861063412740	0.65589646568543935600814620556775	0.70155246870682219650916522368789	0.74449430222606849394395567287575	0.78455583290039931920745175375487	0.82158207085933598889937456988264	0.85542976942994608524628574741655	0.88596797952361305839019678387558	0.91307855665579185089342217906960	0.93665661894487795002817165368469	0.95661095524280792545823715045117	0.97286438510669204227099271520274	0.98535408404800584047933398323948	0.99403196943209071179126112838276	0.99886640442007101903243437845958
51	0.06096110015057872727473053942049	0.12169542101888876362014713095050	0.18197702695707754227960606385750	0.24158166644779871523596170845849	0.30028760633533191359845204715384	0.35787645668840950552436197540374	0.41413398322630390335774563936866	0.46885090428604103696130778189399	0.52182366936618584940532628024812	0.57285521635130387529954987257952	0.62175570460072326905986983547336	0.66834322117537003915543891707784	0.71244445757703667165827710050507	0.75389535448537547956959770090180	0.79254171209938117925730693968944	0.82823976382306485621853653356084	0.86085671118229234455299092587666	0.89027121802952735585279242513934	0.91637386230978024048710040005972	0.93906754400296232887512815068476	0.95826784861390823522242499166168	0.97390336801932386734392821381334	0.98591599173590294125091304522357	0.99426126043675255861131745405146	0.99890999084890352843757455048035
52	0.02991410979733876568387174188501	0.08963524464890056109300786602034	0.14903550860694916857518421693385	0.20790226415636606227543836666882	0.26602478360500181331360636249883	0.32319500343480783710603532199457	0.37920826911609367693145600242133	0.43386406771876168120272154737904	0.48696674569809605959136433739332	0.53832620928582741726131644099951	0.58775860497957910233424172474770	0.63508697769524591336676166974939	0.68014190422716769290900629130192	0.72276209974998317786543111651554	0.76279499519374494020951260608854	0.80009728343046837562013706701691	0.83453543232673454976833227192401	0.86598616284606755311159531629528	0.89433689053449527683881115081022	0.91948612891642456101948255309253	0.94134385364135908513816275444697	0.95983182693308655153430208883947	0.97488388422174454550628297511139	0.98644619565154989526689632839407	0.99447759092921605983406152518000	0.99895111110395029552222467827960
53	0.05868505430025946351113574905867	0.11716780907195514793706081491109	0.17524666215532574975455304411298	0.23272140372427260746057697815559	0.28939390645162621495956045691855	0.34506880849572235669953101933061	0.39955418695395295003436331171542	0.45266221946184581614858188913786	0.50420983165713340046210078071454	0.55401932827706790174460138587165	0.60191900571376932838063567032805	0.64774374391651001747760574289714	0.69133557560136671416017861702130	0.73254423080751029928592288342770	0.77122765492553235766592933941865	0.80725249841689550311940593019244	0.84049457654580139731592680618633	0.87083929755824129870234173722565	0.89818205787542659823685653464054	0.92242860304281215633182000601664	0.94349535346444191041825888532912	0.96130969462313631268557401199359	0.97581023371498454288541779533261	0.98694703502337155498480569804087	0.99468191930800708977500335095101	0.99898994777632821318036349111935
54	0.02881674819934177886326942541473	0.08635451826324822000024994395062	0.14360542731625614010226854588836	0.20037929360621356544847060376924	0.25648752006999731012371057659038	0.31174372083446821868335518956883	0.36596434037219116586214795461274	0.41896926325520450484773959942686	0.47058241248138227286190726772475	0.52063233438593303770147713294136	0.56895276819520945732477912315517	0.61538319833112742340830436660326	0.65976938763198311743707336063380	0.70196388971917289545388030091999	0.74182653880918436595237608344178	0.77922491534625404341340981773101	0.81403478591356781546295451335027	0.84614051597077299948779227634077	0.87543545406556888544002958951751	0.90182228628470162412611443869537	0.92521335986665154127450705345836	0.94553097516499584607174710981781	0.96270764578592360471986921766074	0.97668632885790318542973409421393	0.98742063739734353688959345163312	0.99487511701833886146317809107131	0.99902666686734098444588880738593
55	0.05657275381833677674325855377901	0.11296428805932925976129865830444	0.16899396364687321869801905904751	0.22448230064784549520062739702553	0.27925155320080652376901753086713	0.33312627889002388581474178863573	0.38593390074097944086872757907258	0.43750526003717460366004843308474	0.48767515818747408928857112186961	0.53628288590834327642653533985140	0.58317273802603208920913857582491	0.62819451224992817195413863373687	0.67120399031982636017801269190386	0.71206339998663781276633244488039	0.75064185634802194080350545846159	0.78681578112762240451161233067978	0.82046929855932093644810265686829	0.85149460661715448139830186846666	0.87979232241989546725591253562015	0.90527180074400004361478977443767	0.92785142472079173980858968207031	0.94745886804121071111950413978775	0.96403132859313522828870191005990	0.97751573550398918044379570346791	0.98786894119888923881944720051251	0.99505797784741190081803097200464	0.99906141956481853139138138431008
56	0.02779703528727543726528637080264	0.08330518682243537309517478206544	0.13855584681037624861232870898675	0.19337823863527525691807795737986	0.24760290943433721499999933257641	0.30106225386722068604328228502709	0.35359103217495452264884647775034	0.40502688092709127065660368316458	0.45521081487845960200644412907423	0.50398771838438172210317134158686	0.55120682485553462726102225133218	0.59672218277066335634373217544635	0.64039310680700689548672244200134	0.68208461269447040464797282766085	0.72166783445018811704585459665395	0.75902042270512892763179024768760	0.79402692289386644919346736060106	0.82657913214288170067334249324631	0.85657643376274861246599812147906	0.88392610832782758656378518935526	0.90854362042065550664204920394695	0.93035288024749629443022058694623	0.94928647956196265944583956297720	0.96528590190549012906018333524116	0.97830170914025638140287810529117	0.98829371554016154366451019086526	0.99523122608106973085995150540839	0.99909434380146555643165129367844
57	0.05460715100164682117567238606171	0.10905133280878780144274031727036	0.16317006259126426437333634567040	0.21680182879612402979674357084150	0.26978657316183873859927189187147	0.32196616839537861576303612309857	0.37318489008659444516879943876120	0.42328988145156393185786214417021	0.47213160951797572550958648207597	0.51956431139118763873341322323540	0.56544642926923671666372683830559	0.60964103290871540785644810966915	0.65201622828097693940208046115004	0.69244555119951778365816608129535	0.73080834474452327498283921158873	0.76699011935945016205096180783585	0.80088289454721828253269677588833	0.83238552115043906720615041194833	0.86140398326204692391883099844563	0.88785167888222138454779042149312	0.91164967852139122683752248121891	0.93272696106710173413745224024751	0.95102062644787677125890468232683	0.96647608517188665633312893987750	0.97904722670946875417996579926694	0.98869657765022200823779030542937	0.99539552367843031621674754205742	0.99912556562526289027914572216105
58	0.02684701236594235623789117539673	0.08046363021414272564957315125866	0.13384825059546684444811148750887	0.18684695183576133237224325966963	0.23930692496615346698263238067739	0.29107691431110921387315215724811	0.34200765359799528697593018478074	0.39195229633075312491996555763762	0.44076683918683956520112587895710	0.48831053721671846545859807520173	0.53444630964884753954180496293702	0.57904113513022503756388914553099	0.62196643526307915372797197051113	0.66309844533212525252707791878493	0.70231857115390816659328265814111	0.73951373102004225312811058756779	0.77457668174965277341215141859720	0.80740632791308819538045327135478	0.83790801333937336980994814439327	0.86599379407480747694592082552845	0.89158269202203022096853146649664	0.91460092856435248886981526084128	0.93498213758825932107043854557560	0.95266755751886911252057643650915	0.96760620250292406208103557219147	0.97975501469435033463639683759538	0.98907900824844263709678671148140	0.99555147659729092968206032310263	0.99915520040738659002244048679131
59	0.05277348408831000065033478563237	0.10539987901634415012885881424154	0.15773250558785797958982755062607	0.20962550339203653293473905705468	0.26093423734281173675952913981746	0.31151570080301371756803519019741	0.36122891416979480139204383704055	0.40993531781041897543715890606109	0.45749915825326670226758096760022	0.50378786655771801150649480405264	0.54867242780839642346535356409731	0.59202774070403019202046834834618	0.63373296623885011502608222144772	0.67367186450493721228127697031596	0.71173311867719768475382124961470	0.74781064527864027358106113752001	0.78180388986236093451509532314958	0.81361810728821160054735628364142	0.84316462581687223742932246750570	0.87036109429288222028020527432091	0.89513171174347205827359630347928	0.91740743878815522727165898686508	0.93712619035345390283708866263623	0.95423300937695110235381434904411	0.96868022168178158359808094246546	0.98042757395671564779604523209855	0.98944236513373096109091875405284	0.99569964038324598742946136553655	0.99918335390929469141951813071501
60	0.02595977230124780002484818908215	0.07780933394953656878634262739070	0.12944913539694499760024370971223	0.18073996487342541827914033092384	0.23154355137602933289997508836677	0.28172293742326171006595814105822	0.33114284826844819775715222931467	0.37967005657679797625547735151486	0.42717374158307841458537268408691	0.47352584176170708918363061457057	0.51860140005856969480646512238309	0.56227890075394448832213356581633	0.60444059704851038627992920737597	0.64497282848947701250352793067577	0.68376632738135545430679940182017	0.72071651335573039265369743588963	0.75572377530658563227206059309538	0.78869373993226410402002102273400	0.81953752616214581294684649037663	0.84817198478592958910127208582708	0.87451992264689826228618585446384	0.89851031081004595346684027390438	0.92007847617762750225267609494040	0.93916627611642322648322078748606	0.95572225583999614872965366885182	0.96970178876505275233910197130172	0.98106720175259820582169822955620	0.98978789522222176966437245937414	0.99584052511883813796345066293725	0.99921012322743607558805933877011
61	0.05105890670797434693906069469449	0.10198460656227406606610941253166	0.15264424023081529790957233672088	0.20290564251805850992660396059364	0.25263768716905349309698181059503	0.30171062896303069145176323218038	0.34999644220406683770008271494589	0.39736915472575662366949700299301	0.44370517653853158712706772348611	0.48888362226225212658903274132172	0.53278662650292529789908257953357	0.57529965135083060978615776548395	0.61631178519792173542413138420670	0.65571603209507089982110983328312	0.69340959089449116792280847221264	0.72929412344946509261234268706175	0.76327601117231225202885980252177	0.79526659928235965413279018321191	0.82518242810865993774882554134820	0.85294545084766348885807474289322	0.87848323721488108528632210436626	0.90172916247400114464483067422407	0.92262258138295527576389076784835	0.94110898668136111488990991347237	0.95714015191298407181363927520579	0.97067425883318292356705114798388	0.98167601128403703114599920809269	0.99011674523251702595416645635851	0.99597459981512026505612311666482	0.99923559763136349243239919815096
62	0.02512929142182061467702958168502	0.07532439549623433372449454736852	0.12532922361589679538518282697623	0.17501745924901562778686070487311	0.22426358560416553844518716687162	0.27294320269672633916258064346039	0.32093334159419401041546393571480	0.36811277504656453318787612261076	0.41436232371712605759839220809226	0.45956515724011337553633893548977	0.50360708934475595377477930014720	0.54637686630025106282460001239087	0.58776644795308730095939608872868	0.62767128064688515465263662918005	0.66599056133547940294903355606948	0.70262749222229703427444746921537	0.73748952528315669940894849787583	0.77048859605541930584138299309416	0.80154134610397642646262283960823	0.83056933360400486687780130523606	0.85749923151207096960746412150911	0.88226301283189734192546893609688	0.90479812252109348413853240344906	0.92504763563620373556517506585806	0.94296040139232850663120188983157	0.95849117297392705250302924468997	0.97160072337165181988183348948951	0.98225594909723668024525977671146	0.99042997118929032573930726357503	0.99610229631626712176739602000453	0.99925985930877703200536643635132
63	0.04945218711615962520200540097903	0.09878335644694527517550852735440	0.14787278635787196034989676718396	0.19660034679150667491498438721464	0.24484679324595337579495435420540	0.29249405858625143750373354123440	0.33942554197458441045398558344459	0.38552639421224788041087094825343	0.43068379879511159424865240907820	0.47478724799480437335219562555721	0.51772881329003328509941184165655	0.55940340948628497486083688272629	0.59970905187762524324313062606961	0.63854710582136542385001121147070	0.67582252811498610967078093381133	0.71144409958484577938264692420489	0.74532464831784739356379532182473	0.77738126299037235700239989455440	0.80753549577345673515793578189914	0.83571355431950289371911821945105	0.86184648236412375599257984504220	0.88587032850785341064892008944298	0.90772630277853161295809059083695	0.92736092062184316553441476571606	0.94472613404100980183386582211824	0.95977944975894191603771332665929	0.97248403469757005446183484309586	0.98280881059372726671341524706804	0.99072854689218947665807490920997	0.99622401277797012486558969612815	0.99928298402912374420736796309939
64	0.02435029266342443252102434314565	0.07299312178779904236591846711235	0.12146281929612055827671923680100	0.16964442042399283105957863426738	0.21742364374000708315826102534629	0.26468716220876742362122513441136	0.31132287199021096979478784305684	0.35722015833766812553662362006435	0.40227015796399162583796282888216	0.44636601725346408686689869682596	0.48940314570705295560415493127948	0.53127946401989456504111331014428	0.57189564620263400041011436769622	0.61115535517239327756300326655037	0.64896547125465731120641521556536	0.68523631305423327031434155287570	0.71988185017161088197212848172057	0.75281990726053193974109944974771	0.78397235894334138528449784644181	0.81326531512279753854954833514057	0.84062929625258031585133267071797	0.86599939815409276988589226675685	0.88931544599511413995429620626965	0.91052213707850282453648560476722	0.92956917213193956950334495559218	0.94641137485840276521997793679475	0.96100879965205376898040867672535	0.97332682778991097549692312895786	0.98333625388462597705085954657989	0.99101337147674428695864889959921	0.99634011677195533085438228226849	0.99930504173577217041923859142116
